0.0,44.0
0.0,45.0
0.0,78.0
0.0,79.0
0.0,84.0
0.0,85.0
0.0,88.0
0.0,89.0
0.0,90.0
0.0,91.0
0.0,92.0
0.0,93.0
0.0,104.0
0.0,105.0
0.0,106.0
0.0,107.0
0.0,108.0
0.0,109.0
0.0,121.0
0.0,122.0
0.0,123.0
0.0,126.0
0.0,127.0
0.0,128.0
0.0,129.0
1.0,41.0
1.0,42.0
1.0,43.0
1.0,44.0
1.0,45.0
1.0,46.0
1.0,47.0
1.0,68.0
1.0,69.0
1.0,70.0
1.0,71.0
1.0,72.0
1.0,75.0
1.0,76.0
1.0,77.0
1.0,78.0
1.0,79.0
1.0,80.0
1.0,81.0
1.0,82.0
1.0,83.0
1.0,84.0
1.0,85.0
1.0,86.0
1.0,87.0
1.0,88.0
1.0,89.0
1.0,90.0
1.0,91.0
1.0,92.0
1.0,93.0
1.0,94.0
1.0,95.0
1.0,96.0
1.0,97.0
1.0,98.0
1.0,99.0
1.0,100.0
1.0,101.0
1.0,102.0
1.0,103.0
1.0,104.0
1.0,105.0
1.0,106.0
1.0,107.0
1.0,108.0
1.0,109.0
1.0,110.0
1.0,111.0
1.0,112.0
1.0,116.0
1.0,117.0
1.0,118.0
1.0,119.0
1.0,120.0
1.0,121.0
1.0,122.0
1.0,123.0
1.0,124.0
1.0,125.0
1.0,126.0
1.0,127.0
1.0,128.0
1.0,129.0
1.0,130.0
1.0,131.0
1.0,132.0
1.0,133.0
1.0,134.0
1.0,135.0
1.0,136.0
1.0,137.0
1.0,138.0
1.0,139.0
1.0,140.0
1.0,141.0
2.0,16.0
2.0,17.0
2.0,39.0
2.0,40.0
2.0,41.0
2.0,42.0
2.0,43.0
2.0,44.0
2.0,45.0
2.0,46.0
2.0,47.0
2.0,48.0
2.0,49.0
2.0,50.0
2.0,51.0
2.0,52.0
2.0,53.0
2.0,54.0
2.0,62.0
2.0,68.0
2.0,69.0
2.0,70.0
2.0,71.0
2.0,72.0
2.0,73.0
2.0,74.0
2.0,75.0
2.0,76.0
2.0,77.0
2.0,78.0
2.0,79.0
2.0,80.0
2.0,81.0
2.0,82.0
2.0,83.0
2.0,84.0
2.0,85.0
2.0,86.0
2.0,87.0
2.0,88.0
2.0,89.0
2.0,90.0
2.0,91.0
2.0,92.0
2.0,93.0
2.0,94.0
2.0,95.0
2.0,96.0
2.0,97.0
2.0,98.0
2.0,99.0
2.0,100.0
2.0,101.0
2.0,102.0
2.0,103.0
2.0,104.0
2.0,105.0
2.0,106.0
2.0,107.0
2.0,108.0
2.0,109.0
2.0,110.0
2.0,111.0
2.0,112.0
2.0,113.0
2.0,114.0
2.0,115.0
2.0,116.0
2.0,117.0
2.0,118.0
2.0,119.0
2.0,120.0
2.0,121.0
2.0,122.0
2.0,123.0
2.0,124.0
2.0,125.0
2.0,126.0
2.0,127.0
2.0,128.0
2.0,129.0
2.0,130.0
2.0,131.0
2.0,132.0
2.0,133.0
2.0,134.0
2.0,135.0
2.0,136.0
2.0,137.0
2.0,138.0
2.0,139.0
2.0,140.0
2.0,141.0
2.0,142.0
3.0,17.0
3.0,18.0
3.0,19.0
3.0,20.0
3.0,30.0
3.0,31.0
3.0,32.0
3.0,33.0
3.0,38.0
3.0,39.0
3.0,40.0
3.0,41.0
3.0,42.0
3.0,43.0
3.0,44.0
3.0,45.0
3.0,46.0
3.0,47.0
3.0,48.0
3.0,49.0
3.0,50.0
3.0,51.0
3.0,52.0
3.0,53.0
3.0,54.0
3.0,55.0
3.0,56.0
3.0,57.0
3.0,58.0
3.0,59.0
3.0,60.0
3.0,61.0
3.0,62.0
3.0,63.0
3.0,68.0
3.0,69.0
3.0,70.0
3.0,71.0
3.0,72.0
3.0,73.0
3.0,74.0
3.0,75.0
3.0,76.0
3.0,77.0
3.0,78.0
3.0,79.0
3.0,80.0
3.0,81.0
3.0,82.0
3.0,83.0
3.0,84.0
3.0,85.0
3.0,86.0
3.0,87.0
3.0,88.0
3.0,89.0
3.0,90.0
3.0,91.0
3.0,92.0
3.0,93.0
3.0,94.0
3.0,95.0
3.0,96.0
3.0,97.0
3.0,98.0
3.0,99.0
3.0,100.0
3.0,101.0
3.0,102.0
3.0,103.0
3.0,104.0
3.0,105.0
3.0,106.0
3.0,107.0
3.0,108.0
3.0,109.0
3.0,110.0
3.0,111.0
3.0,112.0
3.0,113.0
3.0,114.0
3.0,115.0
3.0,116.0
3.0,117.0
3.0,118.0
3.0,119.0
3.0,120.0
3.0,121.0
3.0,122.0
3.0,123.0
3.0,124.0
3.0,125.0
3.0,126.0
3.0,127.0
3.0,128.0
3.0,129.0
3.0,130.0
3.0,131.0
3.0,132.0
3.0,133.0
3.0,134.0
3.0,135.0
3.0,136.0
3.0,137.0
3.0,138.0
3.0,139.0
3.0,140.0
3.0,141.0
4.0,0.0
4.0,17.0
4.0,18.0
4.0,19.0
4.0,20.0
4.0,21.0
4.0,22.0
4.0,25.0
4.0,26.0
4.0,27.0
4.0,28.0
4.0,29.0
4.0,30.0
4.0,31.0
4.0,32.0
4.0,33.0
4.0,34.0
4.0,35.0
4.0,36.0
4.0,37.0
4.0,38.0
4.0,39.0
4.0,40.0
4.0,41.0
4.0,42.0
4.0,43.0
4.0,44.0
4.0,45.0
4.0,46.0
4.0,54.0
4.0,55.0
4.0,56.0
4.0,57.0
4.0,58.0
4.0,59.0
4.0,60.0
4.0,61.0
4.0,62.0
4.0,63.0
4.0,68.0
4.0,69.0
4.0,70.0
4.0,71.0
4.0,72.0
4.0,73.0
4.0,74.0
4.0,75.0
4.0,76.0
4.0,77.0
4.0,78.0
4.0,79.0
4.0,80.0
4.0,81.0
4.0,82.0
4.0,83.0
4.0,84.0
4.0,85.0
4.0,86.0
4.0,87.0
4.0,88.0
4.0,89.0
4.0,90.0
4.0,91.0
4.0,92.0
4.0,93.0
4.0,94.0
4.0,95.0
4.0,96.0
4.0,97.0
4.0,98.0
4.0,99.0
4.0,100.0
4.0,101.0
4.0,102.0
4.0,103.0
4.0,104.0
4.0,105.0
4.0,106.0
4.0,107.0
4.0,108.0
4.0,109.0
4.0,110.0
4.0,111.0
4.0,112.0
4.0,113.0
4.0,114.0
4.0,118.0
4.0,119.0
4.0,120.0
4.0,121.0
4.0,122.0
4.0,123.0
4.0,124.0
4.0,125.0
4.0,126.0
4.0,127.0
4.0,128.0
4.0,129.0
4.0,130.0
4.0,131.0
4.0,132.0
4.0,133.0
4.0,134.0
4.0,135.0
4.0,136.0
4.0,137.0
4.0,138.0
4.0,139.0
4.0,140.0
5.0,0.0
5.0,17.0
5.0,18.0
5.0,19.0
5.0,20.0
5.0,21.0
5.0,22.0
5.0,23.0
5.0,24.0
5.0,25.0
5.0,26.0
5.0,27.0
5.0,28.0
5.0,29.0
5.0,30.0
5.0,31.0
5.0,32.0
5.0,33.0
5.0,34.0
5.0,35.0
5.0,36.0
5.0,37.0
5.0,38.0
5.0,39.0
5.0,40.0
5.0,41.0
5.0,42.0
5.0,43.0
5.0,44.0
5.0,45.0
5.0,54.0
5.0,55.0
5.0,56.0
5.0,57.0
5.0,58.0
5.0,59.0
5.0,60.0
5.0,61.0
5.0,62.0
5.0,63.0
5.0,69.0
5.0,70.0
5.0,71.0
5.0,72.0
5.0,73.0
5.0,74.0
5.0,75.0
5.0,76.0
5.0,77.0
5.0,78.0
5.0,79.0
5.0,80.0
5.0,81.0
5.0,82.0
5.0,83.0
5.0,84.0
5.0,85.0
5.0,86.0
5.0,87.0
5.0,88.0
5.0,89.0
5.0,90.0
5.0,91.0
5.0,92.0
5.0,93.0
5.0,94.0
5.0,95.0
5.0,97.0
5.0,98.0
5.0,99.0
5.0,100.0
5.0,101.0
5.0,102.0
5.0,103.0
5.0,104.0
5.0,105.0
5.0,106.0
5.0,107.0
5.0,108.0
5.0,109.0
5.0,110.0
5.0,111.0
5.0,112.0
5.0,113.0
5.0,122.0
5.0,123.0
5.0,124.0
5.0,125.0
5.0,126.0
5.0,127.0
5.0,128.0
5.0,129.0
6.0,0.0
6.0,1.0
6.0,16.0
6.0,17.0
6.0,18.0
6.0,19.0
6.0,20.0
6.0,21.0
6.0,22.0
6.0,23.0
6.0,24.0
6.0,25.0
6.0,26.0
6.0,27.0
6.0,28.0
6.0,29.0
6.0,30.0
6.0,31.0
6.0,32.0
6.0,33.0
6.0,34.0
6.0,35.0
6.0,36.0
6.0,37.0
6.0,38.0
6.0,39.0
6.0,40.0
6.0,41.0
6.0,42.0
6.0,43.0
6.0,44.0
6.0,45.0
6.0,50.0
6.0,51.0
6.0,52.0
6.0,53.0
6.0,54.0
6.0,55.0
6.0,56.0
6.0,57.0
6.0,58.0
6.0,59.0
6.0,60.0
6.0,69.0
6.0,70.0
6.0,71.0
6.0,72.0
6.0,73.0
6.0,74.0
6.0,75.0
6.0,81.0
6.0,82.0
6.0,83.0
6.0,84.0
6.0,85.0
6.0,86.0
6.0,87.0
6.0,88.0
6.0,89.0
6.0,90.0
6.0,91.0
6.0,92.0
6.0,100.0
6.0,101.0
6.0,102.0
6.0,103.0
6.0,104.0
6.0,105.0
6.0,106.0
6.0,107.0
6.0,112.0
6.0,113.0
6.0,123.0
6.0,124.0
6.0,125.0
6.0,126.0
6.0,127.0
7.0,0.0
7.0,1.0
7.0,14.0
7.0,15.0
7.0,16.0
7.0,17.0
7.0,18.0
7.0,19.0
7.0,20.0
7.0,21.0
7.0,22.0
7.0,23.0
7.0,24.0
7.0,25.0
7.0,26.0
7.0,27.0
7.0,28.0
7.0,29.0
7.0,30.0
7.0,31.0
7.0,32.0
7.0,33.0
7.0,34.0
7.0,35.0
7.0,36.0
7.0,37.0
7.0,38.0
7.0,39.0
7.0,40.0
7.0,41.0
7.0,42.0
7.0,43.0
7.0,44.0
7.0,45.0
7.0,46.0
7.0,49.0
7.0,50.0
7.0,51.0
7.0,52.0
7.0,53.0
7.0,54.0
7.0,55.0
7.0,56.0
7.0,57.0
7.0,69.0
7.0,70.0
7.0,71.0
7.0,72.0
7.0,73.0
7.0,74.0
7.0,82.0
7.0,86.0
7.0,87.0
7.0,88.0
7.0,89.0
7.0,90.0
7.0,91.0
7.0,92.0
8.0,0.0
8.0,1.0
8.0,10.0
8.0,11.0
8.0,12.0
8.0,13.0
8.0,14.0
8.0,15.0
8.0,16.0
8.0,17.0
8.0,18.0
8.0,19.0
8.0,20.0
8.0,21.0
8.0,22.0
8.0,23.0
8.0,24.0
8.0,25.0
8.0,26.0
8.0,27.0
8.0,28.0
8.0,29.0
8.0,30.0
8.0,31.0
8.0,32.0
8.0,33.0
8.0,34.0
8.0,35.0
8.0,36.0
8.0,37.0
8.0,38.0
8.0,39.0
8.0,40.0
8.0,41.0
8.0,42.0
8.0,43.0
8.0,44.0
8.0,45.0
8.0,46.0
8.0,47.0
8.0,48.0
8.0,49.0
8.0,50.0
8.0,51.0
8.0,52.0
8.0,53.0
8.0,54.0
8.0,55.0
8.0,56.0
8.0,69.0
8.0,70.0
8.0,71.0
8.0,72.0
8.0,73.0
8.0,74.0
8.0,87.0
8.0,88.0
8.0,89.0
8.0,90.0
8.0,91.0
9.0,0.0
9.0,1.0
9.0,9.0
9.0,10.0
9.0,11.0
9.0,12.0
9.0,13.0
9.0,14.0
9.0,15.0
9.0,16.0
9.0,17.0
9.0,18.0
9.0,19.0
9.0,20.0
9.0,21.0
9.0,22.0
9.0,23.0
9.0,24.0
9.0,25.0
9.0,26.0
9.0,31.0
9.0,32.0
9.0,33.0
9.0,34.0
9.0,35.0
9.0,36.0
9.0,37.0
9.0,38.0
9.0,39.0
9.0,40.0
9.0,41.0
9.0,42.0
9.0,43.0
9.0,44.0
9.0,45.0
9.0,46.0
9.0,47.0
9.0,48.0
9.0,49.0
9.0,50.0
9.0,51.0
9.0,52.0
9.0,53.0
9.0,54.0
9.0,55.0
9.0,56.0
9.0,69.0
9.0,70.0
9.0,71.0
9.0,72.0
9.0,73.0
9.0,74.0
9.0,87.0
9.0,88.0
9.0,89.0
9.0,90.0
9.0,91.0
10.0,0.0
10.0,1.0
10.0,7.0
10.0,8.0
10.0,9.0
10.0,10.0
10.0,11.0
10.0,12.0
10.0,13.0
10.0,14.0
10.0,15.0
10.0,16.0
10.0,17.0
10.0,18.0
10.0,19.0
10.0,20.0
10.0,21.0
10.0,22.0
10.0,23.0
10.0,24.0
10.0,31.0
10.0,32.0
10.0,33.0
10.0,34.0
10.0,35.0
10.0,36.0
10.0,37.0
10.0,38.0
10.0,39.0
10.0,40.0
10.0,41.0
10.0,42.0
10.0,46.0
10.0,47.0
10.0,48.0
10.0,49.0
10.0,50.0
10.0,53.0
10.0,54.0
10.0,55.0
10.0,56.0
10.0,69.0
10.0,70.0
10.0,71.0
10.0,72.0
10.0,73.0
10.0,74.0
10.0,75.0
10.0,87.0
10.0,88.0
10.0,89.0
10.0,90.0
10.0,131.0
11.0,0.0
11.0,1.0
11.0,2.0
11.0,3.0
11.0,4.0
11.0,5.0
11.0,6.0
11.0,7.0
11.0,8.0
11.0,9.0
11.0,10.0
11.0,11.0
11.0,12.0
11.0,13.0
11.0,14.0
11.0,15.0
11.0,16.0
11.0,17.0
11.0,18.0
11.0,19.0
11.0,20.0
11.0,21.0
11.0,22.0
11.0,23.0
11.0,31.0
11.0,32.0
11.0,33.0
11.0,34.0
11.0,35.0
11.0,36.0
11.0,37.0
11.0,38.0
11.0,39.0
11.0,40.0
11.0,41.0
11.0,46.0
11.0,47.0
11.0,48.0
11.0,54.0
11.0,55.0
11.0,56.0
11.0,57.0
11.0,61.0
11.0,62.0
11.0,69.0
11.0,70.0
11.0,71.0
11.0,72.0
11.0,73.0
11.0,74.0
11.0,75.0
11.0,88.0
11.0,89.0
12.0,0.0
12.0,1.0
12.0,2.0
12.0,3.0
12.0,4.0
12.0,5.0
12.0,6.0
12.0,7.0
12.0,8.0
12.0,9.0
12.0,10.0
12.0,11.0
12.0,12.0
12.0,13.0
12.0,14.0
12.0,15.0
12.0,16.0
12.0,17.0
12.0,18.0
12.0,19.0
12.0,20.0
12.0,21.0
12.0,31.0
12.0,32.0
12.0,33.0
12.0,34.0
12.0,37.0
12.0,38.0
12.0,39.0
12.0,40.0
12.0,55.0
12.0,56.0
12.0,57.0
12.0,60.0
12.0,61.0
12.0,62.0
12.0,63.0
12.0,69.0
12.0,70.0
12.0,71.0
12.0,72.0
12.0,73.0
12.0,74.0
12.0,75.0
13.0,0.0
13.0,1.0
13.0,2.0
13.0,3.0
13.0,4.0
13.0,5.0
13.0,6.0
13.0,7.0
13.0,8.0
13.0,9.0
13.0,10.0
13.0,11.0
13.0,12.0
13.0,13.0
13.0,14.0
13.0,15.0
13.0,16.0
13.0,17.0
13.0,18.0
13.0,19.0
13.0,20.0
13.0,21.0
13.0,31.0
13.0,32.0
13.0,33.0
13.0,34.0
13.0,38.0
13.0,39.0
13.0,40.0
13.0,55.0
13.0,56.0
13.0,57.0
13.0,58.0
13.0,59.0
13.0,60.0
13.0,61.0
13.0,62.0
13.0,63.0
13.0,64.0
13.0,68.0
13.0,69.0
13.0,70.0
13.0,71.0
13.0,72.0
13.0,73.0
13.0,74.0
13.0,75.0
14.0,0.0
14.0,1.0
14.0,2.0
14.0,3.0
14.0,4.0
14.0,5.0
14.0,6.0
14.0,7.0
14.0,8.0
14.0,9.0
14.0,10.0
14.0,11.0
14.0,12.0
14.0,13.0
14.0,14.0
14.0,31.0
14.0,32.0
14.0,33.0
14.0,34.0
14.0,38.0
14.0,39.0
14.0,54.0
14.0,55.0
14.0,56.0
14.0,57.0
14.0,58.0
14.0,59.0
14.0,60.0
14.0,61.0
14.0,62.0
14.0,63.0
14.0,64.0
14.0,65.0
14.0,68.0
14.0,69.0
14.0,70.0
14.0,71.0
14.0,72.0
14.0,73.0
14.0,74.0
14.0,75.0
15.0,0.0
15.0,1.0
15.0,2.0
15.0,3.0
15.0,4.0
15.0,5.0
15.0,6.0
15.0,12.0
15.0,13.0
15.0,31.0
15.0,32.0
15.0,33.0
15.0,38.0
15.0,39.0
15.0,54.0
15.0,55.0
15.0,56.0
15.0,57.0
15.0,58.0
15.0,59.0
15.0,60.0
15.0,61.0
15.0,62.0
15.0,63.0
15.0,64.0
15.0,65.0
15.0,68.0
15.0,69.0
15.0,70.0
15.0,71.0
15.0,72.0
15.0,73.0
15.0,74.0
16.0,0.0
16.0,1.0
16.0,2.0
16.0,12.0
16.0,13.0
16.0,31.0
16.0,32.0
16.0,33.0
16.0,38.0
16.0,39.0
16.0,40.0
16.0,47.0
16.0,48.0
16.0,49.0
16.0,50.0
16.0,54.0
16.0,55.0
16.0,56.0
16.0,57.0
16.0,58.0
16.0,59.0
16.0,60.0
16.0,61.0
16.0,62.0
16.0,63.0
16.0,64.0
16.0,65.0
16.0,69.0
16.0,70.0
16.0,71.0
16.0,72.0
16.0,73.0
17.0,0.0
17.0,1.0
17.0,31.0
17.0,32.0
17.0,33.0
17.0,38.0
17.0,39.0
17.0,40.0
17.0,47.0
17.0,48.0
17.0,49.0
17.0,50.0
17.0,53.0
17.0,54.0
17.0,55.0
17.0,56.0
17.0,57.0
17.0,58.0
17.0,59.0
17.0,60.0
17.0,61.0
17.0,62.0
17.0,63.0
17.0,64.0
17.0,70.0
17.0,71.0
18.0,31.0
18.0,32.0
18.0,33.0
18.0,38.0
18.0,39.0
18.0,40.0
18.0,48.0
18.0,49.0
18.0,53.0
18.0,54.0
18.0,55.0
18.0,56.0
18.0,57.0
18.0,61.0
18.0,62.0
18.0,63.0
18.0,70.0
19.0,31.0
19.0,32.0
19.0,33.0
19.0,38.0
19.0,39.0
19.0,40.0
19.0,41.0
19.0,53.0
19.0,54.0
19.0,55.0
19.0,56.0
19.0,57.0
19.0,69.0
19.0,70.0
20.0,9.0
20.0,31.0
20.0,32.0
20.0,33.0
20.0,38.0
20.0,39.0
20.0,40.0
20.0,41.0
20.0,53.0
20.0,54.0
20.0,55.0
20.0,56.0
20.0,57.0
20.0,58.0
20.0,68.0
20.0,69.0
20.0,70.0
20.0,71.0
21.0,8.0
21.0,9.0
21.0,31.0
21.0,32.0
21.0,33.0
21.0,38.0
21.0,39.0
21.0,40.0
21.0,41.0
21.0,42.0
21.0,52.0
21.0,53.0
21.0,54.0
21.0,55.0
21.0,56.0
21.0,57.0
21.0,58.0
21.0,66.0
21.0,67.0
21.0,68.0
21.0,69.0
21.0,70.0
21.0,71.0
22.0,31.0
22.0,32.0
22.0,33.0
22.0,38.0
22.0,39.0
22.0,40.0
22.0,41.0
22.0,42.0
22.0,52.0
22.0,53.0
22.0,54.0
22.0,55.0
22.0,56.0
22.0,57.0
22.0,58.0
22.0,65.0
22.0,66.0
22.0,67.0
22.0,68.0
22.0,69.0
22.0,70.0
22.0,71.0
22.0,72.0
23.0,31.0
23.0,32.0
23.0,33.0
23.0,39.0
23.0,40.0
23.0,41.0
23.0,42.0
23.0,51.0
23.0,52.0
23.0,53.0
23.0,54.0
23.0,55.0
23.0,56.0
23.0,57.0
23.0,58.0
23.0,65.0
23.0,66.0
23.0,67.0
23.0,68.0
23.0,69.0
23.0,70.0
23.0,71.0
23.0,72.0
24.0,31.0
24.0,32.0
24.0,39.0
24.0,40.0
24.0,41.0
24.0,42.0
24.0,43.0
24.0,50.0
24.0,51.0
24.0,52.0
24.0,53.0
24.0,54.0
24.0,55.0
24.0,56.0
24.0,57.0
24.0,65.0
24.0,66.0
24.0,67.0
24.0,68.0
24.0,69.0
24.0,70.0
24.0,71.0
24.0,72.0
24.0,73.0
24.0,74.0
24.0,75.0
25.0,31.0
25.0,32.0
25.0,39.0
25.0,40.0
25.0,41.0
25.0,42.0
25.0,50.0
25.0,51.0
25.0,52.0
25.0,53.0
25.0,54.0
25.0,55.0
25.0,56.0
25.0,57.0
25.0,65.0
25.0,66.0
25.0,67.0
25.0,68.0
25.0,69.0
25.0,70.0
25.0,71.0
25.0,72.0
25.0,73.0
25.0,74.0
25.0,75.0
26.0,31.0
26.0,32.0
26.0,39.0
26.0,40.0
26.0,41.0
26.0,42.0
26.0,52.0
26.0,53.0
26.0,54.0
26.0,55.0
26.0,56.0
26.0,57.0
26.0,67.0
26.0,68.0
26.0,69.0
26.0,70.0
26.0,71.0
26.0,72.0
26.0,75.0
27.0,32.0
27.0,39.0
27.0,40.0
27.0,41.0
27.0,42.0
27.0,53.0
27.0,54.0
27.0,55.0
27.0,56.0
27.0,57.0
27.0,69.0
27.0,70.0
28.0,0.0
28.0,1.0
28.0,2.0
28.0,32.0
28.0,38.0
28.0,39.0
28.0,40.0
28.0,41.0
28.0,42.0
28.0,50.0
28.0,51.0
28.0,52.0
28.0,53.0
28.0,54.0
28.0,55.0
28.0,56.0
28.0,57.0
28.0,58.0
28.0,69.0
28.0,70.0
29.0,0.0
29.0,1.0
29.0,2.0
29.0,36.0
29.0,37.0
29.0,38.0
29.0,39.0
29.0,40.0
29.0,41.0
29.0,42.0
29.0,48.0
29.0,49.0
29.0,50.0
29.0,51.0
29.0,52.0
29.0,53.0
29.0,54.0
29.0,55.0
29.0,56.0
29.0,57.0
29.0,58.0
29.0,59.0
29.0,69.0
29.0,70.0
29.0,71.0
30.0,0.0
30.0,1.0
30.0,35.0
30.0,36.0
30.0,37.0
30.0,38.0
30.0,39.0
30.0,40.0
30.0,41.0
30.0,42.0
30.0,43.0
30.0,47.0
30.0,48.0
30.0,49.0
30.0,50.0
30.0,51.0
30.0,52.0
30.0,53.0
30.0,54.0
30.0,55.0
30.0,56.0
30.0,57.0
30.0,58.0
30.0,59.0
30.0,69.0
30.0,70.0
30.0,71.0
30.0,102.0
31.0,0.0
31.0,37.0
31.0,38.0
31.0,39.0
31.0,40.0
31.0,41.0
31.0,42.0
31.0,47.0
31.0,48.0
31.0,49.0
31.0,50.0
31.0,51.0
31.0,52.0
31.0,53.0
31.0,54.0
31.0,55.0
31.0,56.0
31.0,57.0
31.0,58.0
31.0,59.0
31.0,69.0
31.0,70.0
31.0,71.0
31.0,76.0
32.0,38.0
32.0,39.0
32.0,40.0
32.0,41.0
32.0,42.0
32.0,49.0
32.0,50.0
32.0,51.0
32.0,52.0
32.0,53.0
32.0,54.0
32.0,55.0
32.0,56.0
32.0,57.0
32.0,58.0
32.0,59.0
32.0,69.0
32.0,70.0
32.0,71.0
32.0,75.0
32.0,76.0
32.0,77.0
33.0,39.0
33.0,40.0
33.0,41.0
33.0,50.0
33.0,51.0
33.0,52.0
33.0,53.0
33.0,54.0
33.0,57.0
33.0,58.0
33.0,59.0
33.0,69.0
33.0,70.0
33.0,71.0
33.0,75.0
33.0,76.0
33.0,77.0
34.0,50.0
34.0,51.0
34.0,52.0
34.0,53.0
34.0,58.0
34.0,70.0
34.0,75.0
34.0,76.0
34.0,114.0
35.0,58.0
35.0,75.0
35.0,76.0
35.0,112.0
35.0,113.0
35.0,114.0
35.0,115.0
36.0,58.0
36.0,75.0
36.0,76.0
36.0,111.0
36.0,112.0
36.0,113.0
36.0,114.0
36.0,115.0
37.0,58.0
37.0,110.0
37.0,111.0
37.0,112.0
37.0,113.0
37.0,114.0
38.0,0.0
38.0,30.0
38.0,31.0
38.0,32.0
38.0,33.0
38.0,57.0
38.0,58.0
38.0,59.0
38.0,111.0
38.0,112.0
38.0,113.0
39.0,0.0
39.0,1.0
39.0,29.0
39.0,30.0
39.0,31.0
39.0,32.0
39.0,33.0
39.0,34.0
39.0,57.0
39.0,58.0
39.0,59.0
39.0,112.0
39.0,113.0
40.0,0.0
40.0,1.0
40.0,2.0
40.0,29.0
40.0,30.0
40.0,31.0
40.0,32.0
40.0,33.0
40.0,57.0
40.0,58.0
40.0,59.0
41.0,0.0
41.0,1.0
41.0,2.0
41.0,29.0
41.0,30.0
41.0,31.0
41.0,32.0
41.0,57.0
41.0,58.0
41.0,59.0
42.0,0.0
42.0,1.0
42.0,2.0
42.0,3.0
42.0,30.0
42.0,31.0
42.0,32.0
42.0,57.0
42.0,58.0
42.0,59.0
42.0,69.0
42.0,70.0
43.0,0.0
43.0,1.0
43.0,2.0
43.0,3.0
43.0,4.0
43.0,30.0
43.0,31.0
43.0,32.0
43.0,57.0
43.0,58.0
43.0,59.0
43.0,69.0
43.0,70.0
43.0,71.0
44.0,0.0
44.0,1.0
44.0,2.0
44.0,3.0
44.0,4.0
44.0,5.0
44.0,30.0
44.0,31.0
44.0,32.0
44.0,57.0
44.0,58.0
44.0,59.0
44.0,69.0
44.0,70.0
44.0,71.0
44.0,72.0
45.0,0.0
45.0,1.0
45.0,2.0
45.0,3.0
45.0,4.0
45.0,29.0
45.0,30.0
45.0,31.0
45.0,32.0
45.0,33.0
45.0,58.0
45.0,68.0
45.0,69.0
45.0,70.0
45.0,71.0
45.0,72.0
46.0,0.0
46.0,1.0
46.0,2.0
46.0,3.0
46.0,4.0
46.0,29.0
46.0,30.0
46.0,31.0
46.0,32.0
46.0,33.0
46.0,58.0
46.0,68.0
46.0,69.0
46.0,70.0
46.0,71.0
47.0,0.0
47.0,1.0
47.0,2.0
47.0,3.0
47.0,28.0
47.0,29.0
47.0,30.0
47.0,31.0
47.0,32.0
47.0,33.0
47.0,68.0
47.0,69.0
47.0,70.0
47.0,71.0
47.0,78.0
47.0,79.0
47.0,80.0
47.0,81.0
47.0,82.0
48.0,0.0
48.0,1.0
48.0,2.0
48.0,3.0
48.0,28.0
48.0,29.0
48.0,30.0
48.0,31.0
48.0,32.0
48.0,33.0
48.0,68.0
48.0,69.0
48.0,70.0
48.0,77.0
48.0,78.0
48.0,79.0
48.0,80.0
48.0,81.0
48.0,82.0
49.0,0.0
49.0,1.0
49.0,2.0
49.0,3.0
49.0,28.0
49.0,29.0
49.0,30.0
49.0,31.0
49.0,32.0
49.0,33.0
49.0,68.0
49.0,69.0
49.0,70.0
49.0,78.0
49.0,79.0
49.0,80.0
49.0,81.0
49.0,82.0
50.0,0.0
50.0,1.0
50.0,2.0
50.0,3.0
50.0,29.0
50.0,30.0
50.0,31.0
50.0,32.0
50.0,33.0
50.0,69.0
50.0,70.0
50.0,78.0
50.0,79.0
50.0,80.0
50.0,81.0
51.0,0.0
51.0,1.0
51.0,2.0
51.0,29.0
51.0,30.0
51.0,31.0
51.0,32.0
51.0,33.0
51.0,69.0
51.0,70.0
51.0,78.0
51.0,79.0
51.0,80.0
51.0,122.0
51.0,123.0
51.0,124.0
51.0,125.0
51.0,126.0
51.0,127.0
51.0,128.0
51.0,129.0
52.0,0.0
52.0,1.0
52.0,29.0
52.0,30.0
52.0,31.0
52.0,32.0
52.0,70.0
52.0,78.0
52.0,79.0
52.0,121.0
52.0,122.0
52.0,123.0
52.0,124.0
52.0,125.0
52.0,126.0
52.0,127.0
52.0,128.0
52.0,129.0
52.0,130.0
52.0,131.0
52.0,132.0
52.0,133.0
52.0,134.0
52.0,135.0
52.0,136.0
52.0,137.0
53.0,0.0
53.0,1.0
53.0,27.0
53.0,28.0
53.0,29.0
53.0,30.0
53.0,31.0
53.0,32.0
53.0,70.0
53.0,78.0
53.0,79.0
53.0,120.0
53.0,121.0
53.0,122.0
53.0,123.0
53.0,124.0
53.0,125.0
53.0,126.0
53.0,127.0
53.0,128.0
53.0,129.0
53.0,130.0
53.0,131.0
53.0,132.0
53.0,133.0
53.0,134.0
53.0,135.0
53.0,136.0
53.0,137.0
53.0,138.0
53.0,139.0
54.0,0.0
54.0,1.0
54.0,29.0
54.0,79.0
54.0,120.0
54.0,121.0
54.0,122.0
54.0,123.0
54.0,124.0
54.0,125.0
54.0,126.0
54.0,127.0
54.0,128.0
54.0,129.0
54.0,130.0
54.0,131.0
54.0,132.0
54.0,133.0
54.0,134.0
54.0,135.0
54.0,136.0
54.0,137.0
54.0,138.0
55.0,0.0
55.0,1.0
55.0,30.0
55.0,69.0
55.0,70.0
55.0,79.0
55.0,80.0
55.0,107.0
55.0,108.0
55.0,109.0
55.0,110.0
55.0,111.0
55.0,112.0
55.0,113.0
55.0,114.0
55.0,115.0
55.0,116.0
55.0,117.0
55.0,118.0
55.0,119.0
55.0,120.0
55.0,121.0
55.0,122.0
55.0,123.0
55.0,124.0
55.0,125.0
55.0,126.0
55.0,127.0
55.0,128.0
55.0,129.0
55.0,130.0
55.0,131.0
55.0,132.0
55.0,133.0
55.0,134.0
55.0,135.0
55.0,136.0
56.0,0.0
56.0,1.0
56.0,2.0
56.0,30.0
56.0,69.0
56.0,70.0
56.0,78.0
56.0,79.0
56.0,80.0
56.0,81.0
56.0,96.0
56.0,97.0
56.0,98.0
56.0,99.0
56.0,100.0
56.0,101.0
56.0,102.0
56.0,107.0
56.0,108.0
56.0,109.0
56.0,110.0
56.0,111.0
56.0,112.0
56.0,113.0
56.0,114.0
56.0,115.0
56.0,116.0
56.0,117.0
56.0,118.0
56.0,119.0
56.0,120.0
56.0,121.0
56.0,122.0
56.0,123.0
56.0,124.0
56.0,125.0
56.0,126.0
56.0,127.0
56.0,128.0
56.0,129.0
56.0,130.0
56.0,131.0
57.0,0.0
57.0,1.0
57.0,30.0
57.0,68.0
57.0,69.0
57.0,70.0
57.0,71.0
57.0,78.0
57.0,79.0
57.0,80.0
57.0,81.0
57.0,82.0
57.0,83.0
57.0,95.0
57.0,96.0
57.0,97.0
57.0,98.0
57.0,99.0
57.0,100.0
57.0,101.0
57.0,102.0
57.0,108.0
57.0,109.0
57.0,110.0
57.0,111.0
57.0,112.0
57.0,113.0
57.0,114.0
57.0,115.0
57.0,116.0
57.0,117.0
57.0,118.0
57.0,119.0
57.0,120.0
57.0,121.0
57.0,122.0
57.0,123.0
57.0,124.0
57.0,125.0
57.0,126.0
57.0,127.0
57.0,128.0
57.0,129.0
57.0,130.0
58.0,0.0
58.0,1.0
58.0,30.0
58.0,60.0
58.0,61.0
58.0,67.0
58.0,68.0
58.0,69.0
58.0,70.0
58.0,71.0
58.0,77.0
58.0,78.0
58.0,79.0
58.0,80.0
58.0,81.0
58.0,82.0
58.0,83.0
58.0,84.0
58.0,85.0
58.0,86.0
58.0,95.0
58.0,96.0
58.0,97.0
58.0,98.0
58.0,99.0
58.0,100.0
58.0,101.0
58.0,109.0
58.0,110.0
58.0,111.0
58.0,112.0
58.0,113.0
58.0,114.0
58.0,115.0
58.0,116.0
58.0,117.0
58.0,123.0
58.0,124.0
58.0,125.0
58.0,126.0
58.0,127.0
58.0,128.0
58.0,129.0
59.0,0.0
59.0,1.0
59.0,30.0
59.0,60.0
59.0,61.0
59.0,62.0
59.0,66.0
59.0,67.0
59.0,68.0
59.0,69.0
59.0,70.0
59.0,71.0
59.0,72.0
59.0,76.0
59.0,77.0
59.0,78.0
59.0,79.0
59.0,80.0
59.0,81.0
59.0,82.0
59.0,83.0
59.0,84.0
59.0,85.0
59.0,86.0
59.0,87.0
59.0,88.0
59.0,96.0
59.0,97.0
59.0,98.0
59.0,99.0
59.0,124.0
59.0,125.0
59.0,126.0
59.0,127.0
59.0,128.0
59.0,129.0
60.0,0.0
60.0,1.0
60.0,30.0
60.0,60.0
60.0,61.0
60.0,62.0
60.0,63.0
60.0,65.0
60.0,66.0
60.0,67.0
60.0,68.0
60.0,69.0
60.0,70.0
60.0,71.0
60.0,76.0
60.0,77.0
60.0,78.0
60.0,79.0
60.0,80.0
60.0,81.0
60.0,82.0
60.0,83.0
60.0,84.0
60.0,124.0
60.0,125.0
60.0,126.0
60.0,127.0
60.0,128.0
60.0,129.0
61.0,0.0
61.0,29.0
61.0,30.0
61.0,31.0
61.0,41.0
61.0,42.0
61.0,43.0
61.0,44.0
61.0,45.0
61.0,46.0
61.0,47.0
61.0,48.0
61.0,53.0
61.0,54.0
61.0,59.0
61.0,60.0
61.0,61.0
61.0,62.0
61.0,63.0
61.0,64.0
61.0,65.0
61.0,66.0
61.0,67.0
61.0,68.0
61.0,69.0
61.0,70.0
61.0,77.0
61.0,78.0
61.0,79.0
61.0,80.0
61.0,81.0
61.0,82.0
61.0,125.0
61.0,126.0
61.0,127.0
61.0,128.0
61.0,129.0
62.0,0.0
62.0,28.0
62.0,29.0
62.0,30.0
62.0,31.0
62.0,32.0
62.0,33.0
62.0,39.0
62.0,40.0
62.0,41.0
62.0,42.0
62.0,43.0
62.0,44.0
62.0,45.0
62.0,46.0
62.0,47.0
62.0,48.0
62.0,59.0
62.0,60.0
62.0,61.0
62.0,62.0
62.0,63.0
62.0,64.0
62.0,65.0
62.0,67.0
62.0,68.0
62.0,69.0
62.0,70.0
62.0,78.0
62.0,79.0
62.0,80.0
62.0,126.0
62.0,127.0
62.0,128.0
62.0,129.0
63.0,0.0
63.0,1.0
63.0,25.0
63.0,26.0
63.0,27.0
63.0,28.0
63.0,29.0
63.0,30.0
63.0,31.0
63.0,32.0
63.0,33.0
63.0,34.0
63.0,41.0
63.0,42.0
63.0,43.0
63.0,44.0
63.0,45.0
63.0,46.0
63.0,47.0
63.0,48.0
63.0,60.0
63.0,61.0
63.0,62.0
63.0,63.0
63.0,78.0
63.0,79.0
63.0,80.0
63.0,127.0
63.0,128.0
64.0,0.0
64.0,1.0
64.0,16.0
64.0,17.0
64.0,18.0
64.0,19.0
64.0,20.0
64.0,21.0
64.0,22.0
64.0,23.0
64.0,24.0
64.0,25.0
64.0,26.0
64.0,27.0
64.0,28.0
64.0,29.0
64.0,30.0
64.0,31.0
64.0,32.0
64.0,33.0
64.0,34.0
64.0,60.0
64.0,61.0
64.0,62.0
64.0,63.0
64.0,78.0
64.0,79.0
64.0,80.0
65.0,0.0
65.0,1.0
65.0,2.0
65.0,11.0
65.0,12.0
65.0,13.0
65.0,14.0
65.0,15.0
65.0,16.0
65.0,17.0
65.0,18.0
65.0,19.0
65.0,20.0
65.0,21.0
65.0,22.0
65.0,23.0
65.0,24.0
65.0,25.0
65.0,26.0
65.0,27.0
65.0,28.0
65.0,29.0
65.0,30.0
65.0,31.0
65.0,32.0
65.0,33.0
65.0,34.0
65.0,61.0
65.0,62.0
65.0,78.0
65.0,79.0
65.0,80.0
66.0,0.0
66.0,1.0
66.0,2.0
66.0,3.0
66.0,5.0
66.0,6.0
66.0,7.0
66.0,8.0
66.0,9.0
66.0,10.0
66.0,11.0
66.0,12.0
66.0,13.0
66.0,14.0
66.0,15.0
66.0,16.0
66.0,17.0
66.0,18.0
66.0,19.0
66.0,20.0
66.0,21.0
66.0,22.0
66.0,23.0
66.0,24.0
66.0,25.0
66.0,26.0
66.0,27.0
66.0,28.0
66.0,29.0
66.0,30.0
66.0,31.0
66.0,32.0
66.0,33.0
66.0,34.0
66.0,60.0
66.0,61.0
66.0,62.0
66.0,63.0
66.0,79.0
66.0,105.0
66.0,106.0
67.0,0.0
67.0,1.0
67.0,2.0
67.0,3.0
67.0,4.0
67.0,5.0
67.0,6.0
67.0,7.0
67.0,8.0
67.0,9.0
67.0,10.0
67.0,11.0
67.0,12.0
67.0,13.0
67.0,14.0
67.0,15.0
67.0,16.0
67.0,17.0
67.0,18.0
67.0,19.0
67.0,20.0
67.0,21.0
67.0,22.0
67.0,26.0
67.0,27.0
67.0,28.0
67.0,29.0
67.0,30.0
67.0,31.0
67.0,32.0
67.0,33.0
67.0,60.0
67.0,61.0
67.0,62.0
67.0,63.0
67.0,105.0
67.0,106.0
68.0,0.0
68.0,1.0
68.0,2.0
68.0,3.0
68.0,4.0
68.0,5.0
68.0,6.0
68.0,7.0
68.0,8.0
68.0,9.0
68.0,10.0
68.0,11.0
68.0,12.0
68.0,13.0
68.0,14.0
68.0,15.0
68.0,16.0
68.0,17.0
68.0,18.0
68.0,19.0
68.0,20.0
68.0,21.0
68.0,22.0
68.0,27.0
68.0,28.0
68.0,29.0
68.0,30.0
68.0,31.0
68.0,32.0
68.0,60.0
68.0,61.0
68.0,62.0
68.0,63.0
68.0,105.0
68.0,106.0
69.0,0.0
69.0,1.0
69.0,2.0
69.0,3.0
69.0,4.0
69.0,5.0
69.0,6.0
69.0,7.0
69.0,8.0
69.0,9.0
69.0,10.0
69.0,11.0
69.0,12.0
69.0,13.0
69.0,15.0
69.0,16.0
69.0,17.0
69.0,18.0
69.0,19.0
69.0,20.0
69.0,21.0
69.0,28.0
69.0,29.0
69.0,30.0
69.0,31.0
69.0,60.0
69.0,61.0
69.0,62.0
69.0,70.0
70.0,0.0
70.0,1.0
70.0,2.0
70.0,3.0
70.0,4.0
70.0,9.0
70.0,10.0
70.0,11.0
70.0,12.0
70.0,16.0
70.0,17.0
70.0,18.0
70.0,19.0
70.0,20.0
70.0,21.0
70.0,29.0
70.0,30.0
70.0,31.0
70.0,60.0
70.0,61.0
70.0,62.0
70.0,69.0
70.0,70.0
70.0,71.0
70.0,79.0
70.0,80.0
71.0,0.0
71.0,1.0
71.0,2.0
71.0,3.0
71.0,4.0
71.0,16.0
71.0,17.0
71.0,18.0
71.0,19.0
71.0,20.0
71.0,21.0
71.0,29.0
71.0,30.0
71.0,31.0
71.0,61.0
71.0,62.0
71.0,69.0
71.0,70.0
71.0,71.0
71.0,79.0
71.0,80.0
71.0,81.0
72.0,0.0
72.0,1.0
72.0,2.0
72.0,3.0
72.0,4.0
72.0,17.0
72.0,18.0
72.0,19.0
72.0,20.0
72.0,21.0
72.0,30.0
72.0,31.0
72.0,61.0
72.0,62.0
72.0,69.0
72.0,70.0
72.0,71.0
72.0,80.0
72.0,81.0
73.0,1.0
73.0,2.0
73.0,3.0
73.0,4.0
73.0,17.0
73.0,18.0
73.0,19.0
73.0,20.0
73.0,21.0
73.0,30.0
73.0,31.0
73.0,60.0
73.0,61.0
73.0,62.0
73.0,68.0
73.0,69.0
73.0,70.0
73.0,71.0
73.0,80.0
73.0,81.0
73.0,82.0
74.0,2.0
74.0,3.0
74.0,4.0
74.0,11.0
74.0,12.0
74.0,17.0
74.0,18.0
74.0,19.0
74.0,20.0
74.0,21.0
74.0,31.0
74.0,46.0
74.0,47.0
74.0,48.0
74.0,49.0
74.0,60.0
74.0,61.0
74.0,62.0
74.0,69.0
74.0,70.0
74.0,80.0
74.0,81.0
74.0,82.0
75.0,2.0
75.0,3.0
75.0,4.0
75.0,11.0
75.0,12.0
75.0,17.0
75.0,18.0
75.0,19.0
75.0,20.0
75.0,21.0
75.0,22.0
75.0,48.0
75.0,49.0
75.0,50.0
75.0,60.0
75.0,61.0
75.0,62.0
75.0,69.0
75.0,70.0
75.0,81.0
75.0,82.0
75.0,83.0
76.0,3.0
76.0,11.0
76.0,12.0
76.0,17.0
76.0,18.0
76.0,19.0
76.0,20.0
76.0,21.0
76.0,22.0
76.0,48.0
76.0,49.0
76.0,50.0
76.0,60.0
76.0,61.0
76.0,81.0
76.0,82.0
76.0,83.0
77.0,17.0
77.0,18.0
77.0,19.0
77.0,20.0
77.0,21.0
77.0,22.0
77.0,61.0
77.0,81.0
77.0,82.0
77.0,83.0
78.0,18.0
78.0,19.0
78.0,20.0
78.0,21.0
78.0,22.0
78.0,81.0
78.0,82.0
79.0,18.0
79.0,19.0
79.0,20.0
79.0,21.0
79.0,22.0
79.0,81.0
80.0,19.0
80.0,20.0
80.0,21.0
80.0,22.0
80.0,30.0
80.0,81.0
80.0,82.0
81.0,19.0
81.0,20.0
81.0,21.0
81.0,22.0
81.0,29.0
81.0,30.0
81.0,62.0
81.0,81.0
81.0,82.0
81.0,89.0
82.0,19.0
82.0,20.0
82.0,21.0
82.0,29.0
82.0,30.0
82.0,80.0
82.0,81.0
82.0,82.0
82.0,83.0
83.0,19.0
83.0,20.0
83.0,21.0
83.0,29.0
83.0,30.0
83.0,67.0
83.0,68.0
83.0,80.0
83.0,81.0
83.0,82.0
83.0,83.0
84.0,18.0
84.0,19.0
84.0,20.0
84.0,21.0
84.0,67.0
84.0,68.0
84.0,80.0
84.0,81.0
84.0,82.0
84.0,83.0
85.0,18.0
85.0,19.0
85.0,20.0
85.0,21.0
85.0,67.0
85.0,80.0
85.0,81.0
85.0,82.0
85.0,83.0
86.0,2.0
86.0,3.0
86.0,18.0
86.0,19.0
86.0,20.0
86.0,21.0
86.0,22.0
86.0,80.0
86.0,81.0
86.0,82.0
87.0,2.0
87.0,3.0
87.0,4.0
87.0,18.0
87.0,19.0
87.0,20.0
87.0,21.0
87.0,22.0
87.0,23.0
87.0,80.0
87.0,81.0
87.0,82.0
88.0,2.0
88.0,3.0
88.0,4.0
88.0,18.0
88.0,19.0
88.0,20.0
88.0,21.0
88.0,22.0
88.0,23.0
88.0,24.0
88.0,60.0
88.0,61.0
88.0,80.0
88.0,81.0
88.0,82.0
89.0,2.0
89.0,3.0
89.0,4.0
89.0,18.0
89.0,19.0
89.0,20.0
89.0,21.0
89.0,22.0
89.0,23.0
89.0,24.0
89.0,56.0
89.0,57.0
89.0,58.0
89.0,59.0
89.0,60.0
89.0,61.0
89.0,62.0
89.0,80.0
89.0,81.0
89.0,82.0
90.0,2.0
90.0,3.0
90.0,4.0
90.0,18.0
90.0,19.0
90.0,20.0
90.0,21.0
90.0,22.0
90.0,23.0
90.0,24.0
90.0,30.0
90.0,55.0
90.0,56.0
90.0,57.0
90.0,58.0
90.0,59.0
90.0,60.0
90.0,61.0
90.0,62.0
90.0,80.0
90.0,81.0
90.0,82.0
91.0,2.0
91.0,3.0
91.0,4.0
91.0,5.0
91.0,18.0
91.0,19.0
91.0,20.0
91.0,21.0
91.0,22.0
91.0,23.0
91.0,24.0
91.0,29.0
91.0,30.0
91.0,31.0
91.0,55.0
91.0,56.0
91.0,57.0
91.0,58.0
91.0,59.0
91.0,60.0
91.0,61.0
91.0,62.0
91.0,80.0
91.0,81.0
91.0,82.0
92.0,2.0
92.0,3.0
92.0,4.0
92.0,5.0
92.0,18.0
92.0,19.0
92.0,20.0
92.0,21.0
92.0,22.0
92.0,23.0
92.0,29.0
92.0,30.0
92.0,31.0
92.0,60.0
92.0,61.0
92.0,62.0
92.0,80.0
92.0,81.0
92.0,82.0
93.0,3.0
93.0,4.0
93.0,5.0
93.0,6.0
93.0,17.0
93.0,18.0
93.0,19.0
93.0,20.0
93.0,21.0
93.0,22.0
93.0,23.0
93.0,28.0
93.0,29.0
93.0,30.0
93.0,31.0
93.0,80.0
93.0,81.0
93.0,82.0
94.0,5.0
94.0,6.0
94.0,16.0
94.0,17.0
94.0,18.0
94.0,19.0
94.0,20.0
94.0,21.0
94.0,22.0
94.0,28.0
94.0,29.0
94.0,30.0
94.0,31.0
94.0,80.0
94.0,81.0
94.0,82.0
95.0,15.0
95.0,16.0
95.0,17.0
95.0,18.0
95.0,19.0
95.0,20.0
95.0,21.0
95.0,22.0
95.0,28.0
95.0,29.0
95.0,30.0
95.0,31.0
95.0,80.0
95.0,81.0
95.0,82.0
96.0,15.0
96.0,16.0
96.0,17.0
96.0,18.0
96.0,19.0
96.0,20.0
96.0,21.0
96.0,29.0
96.0,30.0
96.0,80.0
96.0,81.0
96.0,82.0
97.0,16.0
97.0,17.0
97.0,18.0
97.0,19.0
97.0,20.0
97.0,21.0
97.0,29.0
97.0,30.0
97.0,80.0
97.0,81.0
97.0,82.0
98.0,17.0
98.0,18.0
98.0,19.0
98.0,20.0
98.0,21.0
98.0,29.0
98.0,30.0
98.0,81.0
98.0,82.0
99.0,18.0
99.0,19.0
99.0,20.0
99.0,21.0
99.0,29.0
99.0,30.0
99.0,81.0
99.0,82.0
100.0,5.0
100.0,6.0
100.0,7.0
100.0,17.0
100.0,18.0
100.0,19.0
100.0,20.0
100.0,21.0
100.0,22.0
100.0,29.0
100.0,30.0
100.0,81.0
100.0,82.0
101.0,4.0
101.0,5.0
101.0,6.0
101.0,7.0
101.0,8.0
101.0,17.0
101.0,18.0
101.0,19.0
101.0,20.0
101.0,21.0
101.0,22.0
102.0,5.0
102.0,6.0
102.0,7.0
102.0,8.0
102.0,17.0
102.0,18.0
102.0,19.0
102.0,20.0
102.0,21.0
102.0,22.0
102.0,23.0
102.0,65.0
103.0,5.0
103.0,6.0
103.0,7.0
103.0,8.0
103.0,17.0
103.0,18.0
103.0,19.0
103.0,20.0
103.0,21.0
103.0,22.0
103.0,23.0
103.0,65.0
103.0,66.0
104.0,6.0
104.0,7.0
104.0,8.0
104.0,18.0
104.0,19.0
104.0,20.0
104.0,21.0
104.0,22.0
104.0,66.0
105.0,7.0
105.0,18.0
105.0,19.0
105.0,20.0
105.0,21.0
105.0,22.0
105.0,66.0
105.0,67.0
105.0,81.0
105.0,98.0
105.0,99.0
106.0,18.0
106.0,19.0
106.0,20.0
106.0,21.0
106.0,22.0
106.0,29.0
106.0,30.0
106.0,31.0
106.0,80.0
106.0,81.0
106.0,82.0
106.0,98.0
106.0,99.0
106.0,100.0
107.0,18.0
107.0,19.0
107.0,20.0
107.0,21.0
107.0,28.0
107.0,29.0
107.0,30.0
107.0,31.0
107.0,32.0
107.0,80.0
107.0,81.0
107.0,82.0
107.0,98.0
107.0,99.0
107.0,100.0
107.0,101.0
108.0,17.0
108.0,18.0
108.0,19.0
108.0,20.0
108.0,21.0
108.0,28.0
108.0,29.0
108.0,30.0
108.0,31.0
108.0,32.0
108.0,80.0
108.0,81.0
108.0,82.0
108.0,98.0
108.0,99.0
108.0,100.0
108.0,101.0
108.0,102.0
109.0,17.0
109.0,18.0
109.0,19.0
109.0,20.0
109.0,28.0
109.0,29.0
109.0,30.0
109.0,31.0
109.0,32.0
109.0,80.0
109.0,81.0
109.0,82.0
109.0,98.0
109.0,99.0
109.0,100.0
109.0,101.0
110.0,16.0
110.0,17.0
110.0,18.0
110.0,19.0
110.0,29.0
110.0,30.0
110.0,31.0
110.0,32.0
110.0,81.0
110.0,82.0
111.0,15.0
111.0,16.0
111.0,17.0
111.0,18.0
111.0,29.0
111.0,30.0
111.0,31.0
111.0,65.0
111.0,66.0
111.0,67.0
111.0,81.0
111.0,82.0
112.0,15.0
112.0,16.0
112.0,17.0
112.0,18.0
112.0,29.0
112.0,30.0
112.0,31.0
112.0,64.0
112.0,65.0
112.0,66.0
112.0,67.0
112.0,81.0
112.0,82.0
113.0,16.0
113.0,17.0
113.0,18.0
113.0,29.0
113.0,30.0
113.0,31.0
113.0,64.0
113.0,65.0
113.0,66.0
113.0,81.0
113.0,82.0
113.0,83.0
114.0,17.0
114.0,18.0
114.0,29.0
114.0,30.0
114.0,31.0
114.0,64.0
114.0,65.0
114.0,66.0
114.0,81.0
114.0,82.0
114.0,83.0
115.0,17.0
115.0,18.0
115.0,29.0
115.0,30.0
115.0,64.0
115.0,65.0
115.0,66.0
115.0,81.0
115.0,82.0
115.0,83.0
116.0,17.0
116.0,18.0
116.0,29.0
116.0,30.0
116.0,64.0
116.0,65.0
116.0,66.0
116.0,81.0
116.0,82.0
116.0,83.0
116.0,84.0
117.0,6.0
117.0,17.0
117.0,18.0
117.0,23.0
117.0,24.0
117.0,29.0
117.0,64.0
117.0,65.0
117.0,66.0
117.0,81.0
117.0,82.0
117.0,83.0
117.0,84.0
117.0,85.0
118.0,6.0
118.0,7.0
118.0,17.0
118.0,18.0
118.0,19.0
118.0,23.0
118.0,24.0
118.0,29.0
118.0,30.0
118.0,63.0
118.0,64.0
118.0,65.0
118.0,66.0
118.0,82.0
118.0,83.0
118.0,84.0
118.0,85.0
119.0,6.0
119.0,17.0
119.0,18.0
119.0,19.0
119.0,23.0
119.0,24.0
119.0,28.0
119.0,29.0
119.0,30.0
119.0,63.0
119.0,64.0
119.0,65.0
119.0,66.0
119.0,83.0
119.0,84.0
120.0,17.0
120.0,18.0
120.0,19.0
120.0,24.0
120.0,28.0
120.0,29.0
120.0,30.0
120.0,31.0
120.0,64.0
120.0,65.0
120.0,66.0
120.0,96.0
120.0,97.0
121.0,17.0
121.0,18.0
121.0,19.0
121.0,24.0
121.0,27.0
121.0,28.0
121.0,29.0
121.0,30.0
121.0,31.0
121.0,32.0
121.0,64.0
121.0,65.0
121.0,66.0
121.0,95.0
121.0,96.0
121.0,97.0
122.0,18.0
122.0,24.0
122.0,25.0
122.0,26.0
122.0,27.0
122.0,28.0
122.0,29.0
122.0,30.0
122.0,31.0
122.0,32.0
122.0,65.0
122.0,66.0
122.0,96.0
123.0,24.0
123.0,25.0
123.0,27.0
123.0,28.0
123.0,29.0
123.0,30.0
123.0,31.0
123.0,65.0
123.0,66.0
123.0,67.0
124.0,0.0
124.0,1.0
124.0,2.0
124.0,23.0
124.0,24.0
124.0,25.0
124.0,28.0
124.0,29.0
124.0,30.0
124.0,31.0
124.0,65.0
124.0,66.0
124.0,67.0
124.0,68.0
125.0,0.0
125.0,1.0
125.0,2.0
125.0,3.0
125.0,4.0
125.0,23.0
125.0,24.0
125.0,29.0
125.0,30.0
125.0,31.0
125.0,65.0
125.0,66.0
125.0,67.0
125.0,68.0
126.0,0.0
126.0,1.0
126.0,2.0
126.0,3.0
126.0,4.0
126.0,23.0
126.0,24.0
126.0,29.0
126.0,30.0
126.0,31.0
126.0,64.0
126.0,65.0
126.0,66.0
126.0,67.0
126.0,68.0
126.0,82.0
127.0,0.0
127.0,1.0
127.0,2.0
127.0,3.0
127.0,18.0
127.0,23.0
127.0,24.0
127.0,30.0
127.0,64.0
127.0,65.0
127.0,66.0
127.0,67.0
127.0,68.0
128.0,0.0
128.0,1.0
128.0,2.0
128.0,17.0
128.0,18.0
128.0,19.0
128.0,23.0
128.0,24.0
128.0,64.0
128.0,65.0
128.0,66.0
128.0,67.0
128.0,68.0
129.0,0.0
129.0,1.0
129.0,17.0
129.0,18.0
129.0,19.0
129.0,23.0
129.0,24.0
129.0,25.0
129.0,64.0
129.0,65.0
129.0,66.0
129.0,67.0
130.0,0.0
130.0,17.0
130.0,18.0
130.0,19.0
130.0,22.0
130.0,23.0
130.0,24.0
130.0,25.0
130.0,64.0
130.0,65.0
130.0,66.0
130.0,67.0
131.0,8.0
131.0,9.0
131.0,17.0
131.0,18.0
131.0,22.0
131.0,23.0
131.0,24.0
131.0,25.0
131.0,29.0
131.0,30.0
131.0,64.0
131.0,65.0
131.0,66.0
131.0,67.0
131.0,68.0
131.0,81.0
131.0,82.0
132.0,8.0
132.0,9.0
132.0,10.0
132.0,18.0
132.0,22.0
132.0,23.0
132.0,24.0
132.0,25.0
132.0,26.0
132.0,28.0
132.0,29.0
132.0,30.0
132.0,64.0
132.0,65.0
132.0,66.0
132.0,67.0
132.0,81.0
132.0,82.0
133.0,8.0
133.0,9.0
133.0,10.0
133.0,23.0
133.0,24.0
133.0,25.0
133.0,28.0
133.0,29.0
133.0,30.0
133.0,64.0
133.0,65.0
133.0,66.0
133.0,67.0
133.0,81.0
133.0,82.0
133.0,108.0
133.0,109.0
133.0,110.0
134.0,8.0
134.0,9.0
134.0,10.0
134.0,24.0
134.0,29.0
134.0,65.0
134.0,66.0
134.0,67.0
134.0,80.0
134.0,81.0
134.0,82.0
134.0,108.0
134.0,109.0
134.0,110.0
134.0,111.0
135.0,8.0
135.0,9.0
135.0,10.0
135.0,64.0
135.0,65.0
135.0,66.0
135.0,67.0
135.0,80.0
135.0,81.0
135.0,82.0
135.0,108.0
135.0,109.0
135.0,110.0
136.0,8.0
136.0,9.0
136.0,10.0
136.0,64.0
136.0,65.0
136.0,66.0
136.0,67.0
136.0,80.0
136.0,81.0
136.0,82.0
137.0,8.0
137.0,9.0
137.0,10.0
137.0,11.0
137.0,64.0
137.0,65.0
137.0,66.0
137.0,67.0
137.0,80.0
137.0,81.0
137.0,82.0
138.0,8.0
138.0,9.0
138.0,10.0
138.0,11.0
138.0,17.0
138.0,18.0
138.0,64.0
138.0,65.0
138.0,66.0
138.0,67.0
138.0,80.0
138.0,81.0
138.0,82.0
139.0,8.0
139.0,9.0
139.0,10.0
139.0,11.0
139.0,12.0
139.0,16.0
139.0,17.0
139.0,18.0
139.0,64.0
139.0,65.0
139.0,66.0
139.0,67.0
139.0,80.0
139.0,81.0
139.0,82.0
140.0,9.0
140.0,10.0
140.0,11.0
140.0,16.0
140.0,17.0
140.0,18.0
140.0,30.0
140.0,64.0
140.0,65.0
140.0,66.0
140.0,67.0
140.0,80.0
140.0,81.0
140.0,82.0
141.0,9.0
141.0,10.0
141.0,11.0
141.0,16.0
141.0,17.0
141.0,18.0
141.0,23.0
141.0,24.0
141.0,30.0
141.0,64.0
141.0,65.0
141.0,66.0
141.0,67.0
141.0,80.0
141.0,81.0
141.0,82.0
142.0,9.0
142.0,10.0
142.0,11.0
142.0,17.0
142.0,23.0
142.0,24.0
142.0,30.0
142.0,64.0
142.0,65.0
142.0,66.0
142.0,67.0
142.0,80.0
142.0,81.0
142.0,82.0
143.0,9.0
143.0,10.0
143.0,11.0
143.0,12.0
143.0,23.0
143.0,24.0
143.0,25.0
143.0,29.0
143.0,30.0
143.0,64.0
143.0,65.0
143.0,66.0
143.0,67.0
143.0,81.0
143.0,82.0
144.0,9.0
144.0,10.0
144.0,11.0
144.0,23.0
144.0,24.0
144.0,25.0
144.0,29.0
144.0,30.0
144.0,64.0
144.0,65.0
144.0,66.0
144.0,67.0
144.0,82.0
144.0,83.0
145.0,0.0
145.0,9.0
145.0,10.0
145.0,11.0
145.0,17.0
145.0,18.0
145.0,23.0
145.0,24.0
145.0,25.0
145.0,28.0
145.0,29.0
145.0,30.0
145.0,64.0
145.0,65.0
145.0,66.0
145.0,67.0
145.0,68.0
145.0,82.0
145.0,83.0
146.0,0.0
146.0,1.0
146.0,9.0
146.0,10.0
146.0,24.0
146.0,28.0
146.0,29.0
146.0,30.0
146.0,64.0
146.0,65.0
146.0,66.0
146.0,67.0
146.0,68.0
147.0,0.0
147.0,1.0
147.0,9.0
147.0,10.0
147.0,24.0
147.0,28.0
147.0,29.0
147.0,30.0
147.0,64.0
147.0,65.0
147.0,66.0
147.0,67.0
147.0,68.0
148.0,0.0
148.0,1.0
148.0,9.0
148.0,24.0
148.0,28.0
148.0,29.0
148.0,30.0
148.0,31.0
148.0,64.0
148.0,65.0
148.0,66.0
148.0,67.0
148.0,68.0
149.0,0.0
149.0,1.0
149.0,8.0
149.0,9.0
149.0,24.0
149.0,25.0
149.0,28.0
149.0,29.0
149.0,30.0
149.0,31.0
149.0,63.0
149.0,64.0
149.0,65.0
149.0,66.0
149.0,67.0
150.0,0.0
150.0,1.0
150.0,8.0
150.0,9.0
150.0,10.0
150.0,24.0
150.0,25.0
150.0,26.0
150.0,27.0
150.0,28.0
150.0,29.0
150.0,30.0
150.0,63.0
150.0,64.0
150.0,65.0
150.0,66.0
150.0,67.0
151.0,0.0
151.0,1.0
151.0,8.0
151.0,9.0
151.0,10.0
151.0,23.0
151.0,24.0
151.0,25.0
151.0,26.0
151.0,27.0
151.0,28.0
151.0,29.0
151.0,30.0
151.0,63.0
151.0,64.0
151.0,65.0
151.0,66.0
151.0,67.0
151.0,82.0
152.0,0.0
152.0,1.0
152.0,8.0
152.0,9.0
152.0,10.0
152.0,11.0
152.0,23.0
152.0,24.0
152.0,25.0
152.0,26.0
152.0,27.0
152.0,28.0
152.0,29.0
152.0,63.0
152.0,64.0
152.0,65.0
152.0,66.0
152.0,82.0
152.0,83.0
153.0,0.0
153.0,8.0
153.0,9.0
153.0,10.0
153.0,11.0
153.0,23.0
153.0,24.0
153.0,25.0
153.0,26.0
153.0,27.0
153.0,28.0
153.0,63.0
153.0,64.0
153.0,65.0
153.0,66.0
153.0,81.0
153.0,82.0
153.0,83.0
154.0,0.0
154.0,8.0
154.0,9.0
154.0,10.0
154.0,11.0
154.0,23.0
154.0,24.0
154.0,25.0
154.0,26.0
154.0,27.0
154.0,64.0
154.0,65.0
154.0,81.0
154.0,82.0
154.0,83.0
155.0,0.0
155.0,9.0
155.0,10.0
155.0,11.0
155.0,12.0
155.0,23.0
155.0,24.0
155.0,25.0
155.0,26.0
155.0,81.0
155.0,82.0
155.0,83.0
156.0,0.0
156.0,9.0
156.0,10.0
156.0,15.0
156.0,16.0
156.0,17.0
156.0,23.0
156.0,24.0
156.0,25.0
156.0,26.0
156.0,27.0
156.0,81.0
156.0,82.0
157.0,0.0
157.0,15.0
157.0,16.0
157.0,17.0
157.0,18.0
157.0,24.0
157.0,25.0
157.0,26.0
157.0,27.0
157.0,28.0
157.0,64.0
157.0,82.0
158.0,0.0
158.0,9.0
158.0,15.0
158.0,16.0
158.0,17.0
158.0,18.0
158.0,25.0
158.0,26.0
158.0,27.0
158.0,28.0
158.0,63.0
158.0,64.0
158.0,65.0
159.0,0.0
159.0,8.0
159.0,9.0
159.0,10.0
159.0,15.0
159.0,16.0
159.0,17.0
159.0,18.0
159.0,26.0
159.0,27.0
159.0,28.0
159.0,64.0
159.0,65.0
160.0,0.0
160.0,7.0
160.0,8.0
160.0,9.0
160.0,10.0
160.0,16.0
160.0,17.0
160.0,18.0
160.0,26.0
160.0,27.0
161.0,0.0
161.0,8.0
161.0,9.0
161.0,10.0
161.0,16.0
161.0,17.0
161.0,18.0
161.0,25.0
161.0,26.0
161.0,27.0
162.0,8.0
162.0,9.0
162.0,10.0
162.0,15.0
162.0,16.0
162.0,17.0
162.0,24.0
162.0,25.0
162.0,26.0
162.0,27.0
162.0,82.0
163.0,9.0
163.0,15.0
163.0,16.0
163.0,17.0
163.0,23.0
163.0,24.0
163.0,25.0
163.0,26.0
163.0,27.0
163.0,28.0
163.0,81.0
163.0,82.0
163.0,83.0
164.0,15.0
164.0,16.0
164.0,17.0
164.0,23.0
164.0,24.0
164.0,25.0
164.0,26.0
164.0,27.0
164.0,28.0
164.0,81.0
164.0,82.0
164.0,83.0
165.0,14.0
165.0,15.0
165.0,16.0
165.0,17.0
165.0,24.0
165.0,25.0
165.0,26.0
165.0,27.0
165.0,28.0
165.0,81.0
165.0,82.0
166.0,0.0
166.0,14.0
166.0,15.0
166.0,16.0
166.0,17.0
166.0,24.0
166.0,25.0
166.0,26.0
166.0,27.0
166.0,28.0
166.0,81.0
166.0,82.0
167.0,0.0
167.0,9.0
167.0,10.0
167.0,14.0
167.0,15.0
167.0,16.0
167.0,25.0
167.0,26.0
167.0,27.0
167.0,28.0
167.0,82.0
168.0,9.0
168.0,10.0
168.0,14.0
168.0,15.0
168.0,16.0
168.0,25.0
168.0,26.0
168.0,27.0
168.0,82.0
169.0,8.0
169.0,9.0
169.0,10.0
169.0,14.0
169.0,15.0
169.0,16.0
169.0,25.0
169.0,26.0
169.0,27.0
169.0,82.0
170.0,8.0
170.0,9.0
170.0,10.0
170.0,14.0
170.0,15.0
170.0,16.0
170.0,26.0
170.0,27.0
170.0,82.0
171.0,8.0
171.0,9.0
171.0,10.0
171.0,14.0
171.0,15.0
171.0,16.0
171.0,26.0
171.0,27.0
171.0,82.0
172.0,8.0
172.0,9.0
172.0,10.0
172.0,14.0
172.0,15.0
172.0,16.0
172.0,25.0
172.0,26.0
172.0,27.0
173.0,8.0
173.0,9.0
173.0,10.0
173.0,15.0
173.0,16.0
173.0,25.0
173.0,26.0
173.0,27.0
174.0,9.0
174.0,15.0
174.0,16.0
174.0,25.0
174.0,26.0
174.0,27.0
175.0,9.0
175.0,25.0
175.0,26.0
175.0,27.0
176.0,9.0
176.0,25.0
176.0,26.0
176.0,27.0
176.0,28.0
177.0,9.0
177.0,25.0
177.0,26.0
177.0,27.0
177.0,28.0
178.0,9.0
178.0,25.0
178.0,26.0
178.0,27.0
178.0,28.0
179.0,9.0
179.0,10.0
179.0,15.0
179.0,25.0
179.0,26.0
179.0,27.0
179.0,28.0
180.0,9.0
180.0,10.0
180.0,14.0
180.0,15.0
180.0,25.0
180.0,26.0
180.0,27.0
180.0,28.0
181.0,9.0
181.0,10.0
181.0,14.0
181.0,15.0
181.0,25.0
181.0,26.0
181.0,27.0
181.0,28.0
182.0,14.0
182.0,15.0
182.0,16.0
182.0,25.0
182.0,26.0
182.0,27.0
182.0,28.0
182.0,84.0
183.0,14.0
183.0,15.0
183.0,16.0
183.0,25.0
183.0,26.0
183.0,27.0
183.0,28.0
183.0,79.0
183.0,83.0
183.0,84.0
184.0,2.0
184.0,3.0
184.0,4.0
184.0,13.0
184.0,14.0
184.0,15.0
184.0,16.0
184.0,25.0
184.0,26.0
184.0,27.0
184.0,28.0
184.0,29.0
184.0,79.0
184.0,83.0
184.0,84.0
185.0,2.0
185.0,3.0
185.0,4.0
185.0,12.0
185.0,13.0
185.0,14.0
185.0,15.0
185.0,16.0
185.0,25.0
185.0,26.0
185.0,27.0
185.0,28.0
185.0,29.0
185.0,84.0
185.0,85.0
186.0,2.0
186.0,3.0
186.0,4.0
186.0,11.0
186.0,12.0
186.0,13.0
186.0,14.0
186.0,15.0
186.0,16.0
186.0,25.0
186.0,26.0
186.0,27.0
186.0,28.0
186.0,29.0
186.0,84.0
186.0,85.0
187.0,3.0
187.0,10.0
187.0,11.0
187.0,12.0
187.0,13.0
187.0,14.0
187.0,15.0
187.0,25.0
187.0,26.0
187.0,27.0
187.0,28.0
187.0,29.0
187.0,84.0
187.0,85.0
187.0,86.0
188.0,10.0
188.0,11.0
188.0,12.0
188.0,13.0
188.0,14.0
188.0,15.0
188.0,26.0
188.0,27.0
188.0,28.0
188.0,66.0
188.0,84.0
188.0,85.0
188.0,86.0
188.0,87.0
189.0,10.0
189.0,11.0
189.0,12.0
189.0,13.0
189.0,14.0
189.0,66.0
189.0,67.0
189.0,83.0
189.0,84.0
189.0,85.0
189.0,86.0
189.0,87.0
189.0,88.0
189.0,95.0
189.0,96.0
189.0,97.0
189.0,136.0
190.0,0.0
190.0,10.0
190.0,11.0
190.0,12.0
190.0,13.0
190.0,14.0
190.0,67.0
190.0,83.0
190.0,84.0
190.0,85.0
190.0,86.0
190.0,87.0
190.0,93.0
190.0,94.0
190.0,95.0
190.0,96.0
190.0,97.0
190.0,98.0
190.0,135.0
190.0,136.0
190.0,137.0
191.0,0.0
191.0,10.0
191.0,11.0
191.0,12.0
191.0,13.0
191.0,14.0
191.0,83.0
191.0,84.0
191.0,85.0
191.0,86.0
191.0,93.0
191.0,94.0
191.0,95.0
191.0,96.0
191.0,97.0
191.0,98.0
191.0,130.0
191.0,131.0
191.0,132.0
191.0,133.0
191.0,134.0
191.0,135.0
191.0,136.0
191.0,137.0
192.0,0.0
192.0,10.0
192.0,11.0
192.0,12.0
192.0,13.0
192.0,14.0
192.0,83.0
192.0,84.0
192.0,85.0
192.0,86.0
192.0,94.0
192.0,95.0
192.0,96.0
192.0,97.0
192.0,123.0
192.0,124.0
192.0,125.0
192.0,126.0
192.0,127.0
192.0,128.0
192.0,129.0
192.0,130.0
192.0,131.0
192.0,132.0
192.0,133.0
192.0,134.0
192.0,135.0
192.0,136.0
192.0,137.0
192.0,138.0
193.0,0.0
193.0,10.0
193.0,11.0
193.0,12.0
193.0,13.0
193.0,14.0
193.0,83.0
193.0,84.0
193.0,85.0
193.0,86.0
193.0,95.0
193.0,96.0
193.0,97.0
193.0,122.0
193.0,123.0
193.0,124.0
193.0,125.0
193.0,126.0
193.0,127.0
193.0,128.0
193.0,129.0
193.0,130.0
193.0,131.0
193.0,132.0
193.0,133.0
193.0,134.0
193.0,135.0
193.0,136.0
193.0,137.0
193.0,138.0
193.0,139.0
194.0,0.0
194.0,10.0
194.0,11.0
194.0,12.0
194.0,13.0
194.0,83.0
194.0,84.0
194.0,85.0
194.0,122.0
194.0,123.0
194.0,124.0
194.0,125.0
194.0,126.0
194.0,127.0
194.0,128.0
194.0,129.0
194.0,130.0
194.0,131.0
194.0,132.0
194.0,133.0
194.0,134.0
194.0,135.0
194.0,136.0
194.0,137.0
194.0,138.0
194.0,139.0
194.0,140.0
195.0,10.0
195.0,11.0
195.0,12.0
195.0,13.0
195.0,83.0
195.0,84.0
195.0,85.0
195.0,122.0
195.0,123.0
195.0,124.0
195.0,125.0
195.0,126.0
195.0,127.0
195.0,128.0
195.0,129.0
195.0,130.0
195.0,131.0
195.0,132.0
195.0,133.0
195.0,138.0
195.0,139.0
195.0,140.0
196.0,10.0
196.0,11.0
196.0,12.0
196.0,13.0
196.0,83.0
196.0,84.0
196.0,85.0
196.0,122.0
196.0,123.0
196.0,124.0
196.0,125.0
196.0,126.0
196.0,127.0
196.0,128.0
196.0,129.0
196.0,130.0
196.0,131.0
196.0,132.0
196.0,133.0
196.0,139.0
196.0,140.0
197.0,10.0
197.0,11.0
197.0,12.0
197.0,13.0
197.0,83.0
197.0,84.0
197.0,85.0
197.0,86.0
197.0,123.0
197.0,124.0
197.0,125.0
197.0,126.0
197.0,127.0
197.0,128.0
197.0,129.0
197.0,130.0
197.0,131.0
197.0,132.0
197.0,133.0
197.0,134.0
198.0,10.0
198.0,11.0
198.0,12.0
198.0,13.0
198.0,20.0
198.0,21.0
198.0,22.0
198.0,83.0
198.0,84.0
198.0,85.0
198.0,86.0
198.0,123.0
198.0,124.0
198.0,125.0
198.0,126.0
198.0,127.0
198.0,128.0
198.0,129.0
198.0,130.0
198.0,131.0
198.0,132.0
198.0,133.0
198.0,134.0
199.0,10.0
199.0,11.0
199.0,12.0
199.0,13.0
199.0,20.0
199.0,21.0
199.0,22.0
199.0,23.0
199.0,83.0
199.0,84.0
199.0,85.0
199.0,86.0
199.0,122.0
199.0,123.0
199.0,124.0
199.0,125.0
199.0,126.0
199.0,127.0
199.0,128.0
199.0,129.0
199.0,130.0
199.0,131.0
199.0,132.0
199.0,133.0
199.0,134.0
199.0,135.0
200.0,10.0
200.0,11.0
200.0,12.0
200.0,13.0
200.0,20.0
200.0,21.0
200.0,22.0
200.0,23.0
200.0,24.0
200.0,83.0
200.0,84.0
200.0,85.0
200.0,86.0
200.0,119.0
200.0,120.0
200.0,121.0
200.0,122.0
200.0,123.0
200.0,124.0
200.0,125.0
200.0,126.0
200.0,127.0
200.0,128.0
200.0,129.0
200.0,130.0
200.0,131.0
200.0,132.0
200.0,133.0
200.0,134.0
200.0,135.0
201.0,11.0
201.0,12.0
201.0,13.0
201.0,20.0
201.0,21.0
201.0,22.0
201.0,23.0
201.0,24.0
201.0,25.0
201.0,26.0
201.0,84.0
201.0,85.0
201.0,119.0
201.0,120.0
201.0,121.0
201.0,122.0
201.0,123.0
201.0,124.0
201.0,125.0
201.0,126.0
201.0,127.0
201.0,128.0
201.0,129.0
201.0,130.0
201.0,131.0
201.0,132.0
201.0,133.0
201.0,134.0
201.0,135.0
202.0,11.0
202.0,12.0
202.0,13.0
202.0,21.0
202.0,25.0
202.0,26.0
202.0,27.0
202.0,84.0
202.0,85.0
202.0,120.0
202.0,121.0
202.0,122.0
202.0,123.0
202.0,124.0
202.0,125.0
202.0,126.0
202.0,127.0
202.0,128.0
202.0,129.0
202.0,130.0
202.0,131.0
202.0,132.0
202.0,133.0
202.0,134.0
202.0,135.0
202.0,136.0
203.0,11.0
203.0,12.0
203.0,13.0
203.0,26.0
203.0,27.0
203.0,83.0
203.0,84.0
203.0,85.0
203.0,125.0
203.0,126.0
203.0,127.0
203.0,128.0
203.0,129.0
203.0,130.0
203.0,131.0
203.0,132.0
203.0,133.0
203.0,134.0
203.0,135.0
203.0,136.0
204.0,10.0
204.0,11.0
204.0,12.0
204.0,13.0
204.0,83.0
204.0,84.0
204.0,126.0
204.0,127.0
204.0,128.0
204.0,129.0
204.0,130.0
204.0,131.0
204.0,132.0
204.0,133.0
204.0,134.0
204.0,135.0
204.0,136.0
204.0,137.0
205.0,10.0
205.0,11.0
205.0,12.0
205.0,13.0
205.0,14.0
205.0,75.0
205.0,83.0
205.0,84.0
205.0,127.0
205.0,128.0
205.0,129.0
205.0,130.0
205.0,131.0
205.0,132.0
205.0,133.0
205.0,134.0
205.0,135.0
205.0,136.0
205.0,137.0
206.0,10.0
206.0,11.0
206.0,12.0
206.0,13.0
206.0,14.0
206.0,84.0
206.0,127.0
206.0,128.0
206.0,129.0
206.0,130.0
206.0,131.0
206.0,132.0
206.0,133.0
206.0,134.0
206.0,135.0
206.0,136.0
206.0,137.0
207.0,10.0
207.0,11.0
207.0,12.0
207.0,13.0
207.0,14.0
207.0,84.0
207.0,128.0
207.0,129.0
207.0,130.0
207.0,131.0
207.0,132.0
207.0,133.0
207.0,134.0
207.0,135.0
207.0,136.0
208.0,11.0
208.0,12.0
208.0,13.0
208.0,84.0
208.0,85.0
208.0,130.0
208.0,131.0
208.0,132.0
208.0,133.0
208.0,134.0
208.0,135.0
208.0,136.0
209.0,84.0
209.0,85.0
209.0,86.0
209.0,130.0
209.0,131.0
209.0,132.0
209.0,133.0
209.0,134.0
209.0,135.0
209.0,136.0
210.0,84.0
210.0,85.0
210.0,86.0
210.0,130.0
210.0,131.0
210.0,132.0
210.0,133.0
210.0,134.0
210.0,135.0
210.0,136.0
211.0,0.0
211.0,84.0
211.0,85.0
211.0,86.0
211.0,131.0
211.0,132.0
211.0,133.0
211.0,134.0
211.0,135.0
211.0,136.0
212.0,0.0
212.0,83.0
212.0,84.0
212.0,85.0
212.0,86.0
212.0,133.0
212.0,134.0
212.0,135.0
212.0,136.0
213.0,0.0
213.0,83.0
213.0,84.0
213.0,85.0
213.0,134.0
213.0,135.0
214.0,0.0
214.0,82.0
214.0,83.0
214.0,84.0
214.0,85.0
215.0,0.0
215.0,17.0
215.0,18.0
215.0,81.0
215.0,82.0
215.0,83.0
215.0,84.0
215.0,85.0
216.0,17.0
216.0,18.0
216.0,81.0
216.0,82.0
216.0,83.0
216.0,84.0
217.0,93.0
221.0,47.0
221.0,48.0
221.0,49.0
222.0,46.0
222.0,47.0
222.0,48.0
222.0,49.0
223.0,44.0
223.0,45.0
223.0,46.0
223.0,47.0
223.0,48.0
223.0,57.0
223.0,58.0
223.0,59.0
223.0,60.0
223.0,61.0
224.0,44.0
224.0,45.0
224.0,46.0
224.0,52.0
224.0,53.0
224.0,54.0
224.0,55.0
224.0,56.0
224.0,57.0
224.0,58.0
224.0,59.0
224.0,60.0
224.0,61.0
224.0,62.0
225.0,43.0
225.0,44.0
225.0,45.0
225.0,46.0
225.0,49.0
225.0,50.0
225.0,51.0
225.0,52.0
225.0,53.0
225.0,54.0
225.0,55.0
225.0,56.0
225.0,57.0
225.0,58.0
225.0,59.0
225.0,60.0
225.0,61.0
225.0,62.0
226.0,43.0
226.0,44.0
226.0,45.0
226.0,46.0
226.0,47.0
226.0,48.0
226.0,49.0
226.0,50.0
226.0,51.0
226.0,52.0
226.0,53.0
226.0,54.0
226.0,55.0
226.0,56.0
226.0,57.0
226.0,58.0
226.0,59.0
226.0,60.0
226.0,61.0
226.0,62.0
226.0,63.0
227.0,38.0
227.0,46.0
227.0,47.0
227.0,48.0
227.0,49.0
227.0,50.0
227.0,51.0
227.0,52.0
227.0,53.0
227.0,54.0
227.0,55.0
227.0,56.0
227.0,57.0
227.0,58.0
227.0,59.0
227.0,60.0
227.0,61.0
227.0,62.0
227.0,63.0
227.0,64.0
228.0,38.0
228.0,47.0
228.0,48.0
228.0,49.0
228.0,50.0
228.0,51.0
228.0,52.0
228.0,53.0
228.0,54.0
228.0,55.0
228.0,56.0
228.0,57.0
228.0,58.0
228.0,59.0
228.0,60.0
228.0,61.0
228.0,62.0
228.0,63.0
228.0,64.0
228.0,65.0
229.0,47.0
229.0,48.0
229.0,49.0
229.0,50.0
229.0,51.0
229.0,52.0
229.0,53.0
229.0,54.0
229.0,55.0
229.0,56.0
229.0,57.0
229.0,58.0
229.0,59.0
229.0,60.0
229.0,61.0
229.0,62.0
229.0,63.0
229.0,64.0
229.0,65.0
229.0,66.0
230.0,47.0
230.0,48.0
230.0,49.0
230.0,50.0
230.0,51.0
230.0,52.0
230.0,53.0
230.0,54.0
230.0,55.0
230.0,56.0
230.0,57.0
230.0,58.0
230.0,59.0
230.0,60.0
230.0,61.0
230.0,62.0
230.0,63.0
230.0,64.0
230.0,65.0
230.0,66.0
231.0,44.0
231.0,45.0
231.0,46.0
231.0,47.0
231.0,48.0
231.0,49.0
231.0,50.0
231.0,51.0
231.0,52.0
231.0,53.0
231.0,54.0
231.0,55.0
231.0,56.0
231.0,57.0
231.0,58.0
231.0,59.0
231.0,60.0
231.0,61.0
231.0,62.0
231.0,63.0
231.0,64.0
231.0,65.0
231.0,66.0
231.0,67.0
232.0,0.0
232.0,42.0
232.0,43.0
232.0,44.0
232.0,45.0
232.0,46.0
232.0,47.0
232.0,48.0
232.0,49.0
232.0,50.0
232.0,51.0
232.0,52.0
232.0,53.0
232.0,54.0
232.0,55.0
232.0,56.0
232.0,57.0
232.0,58.0
232.0,59.0
232.0,60.0
232.0,61.0
232.0,62.0
232.0,63.0
232.0,64.0
232.0,65.0
232.0,66.0
232.0,67.0
233.0,0.0
233.0,42.0
233.0,43.0
233.0,44.0
233.0,45.0
233.0,46.0
233.0,47.0
233.0,48.0
233.0,49.0
233.0,50.0
233.0,51.0
233.0,52.0
233.0,53.0
233.0,54.0
233.0,55.0
233.0,56.0
233.0,57.0
233.0,58.0
233.0,59.0
233.0,60.0
233.0,61.0
233.0,62.0
233.0,63.0
233.0,64.0
233.0,65.0
233.0,66.0
233.0,67.0
234.0,0.0
234.0,1.0
234.0,42.0
234.0,43.0
234.0,44.0
234.0,45.0
234.0,46.0
234.0,47.0
234.0,48.0
234.0,49.0
234.0,50.0
234.0,51.0
234.0,52.0
234.0,53.0
234.0,54.0
234.0,55.0
234.0,56.0
234.0,57.0
234.0,58.0
234.0,59.0
234.0,60.0
234.0,61.0
234.0,62.0
234.0,63.0
234.0,64.0
234.0,65.0
234.0,66.0
234.0,67.0
235.0,2.0
235.0,43.0
235.0,44.0
235.0,45.0
235.0,46.0
235.0,47.0
235.0,48.0
235.0,49.0
235.0,50.0
235.0,51.0
235.0,52.0
235.0,53.0
235.0,54.0
235.0,55.0
235.0,56.0
235.0,57.0
235.0,58.0
235.0,59.0
235.0,60.0
235.0,61.0
235.0,62.0
235.0,63.0
235.0,64.0
235.0,65.0
235.0,66.0
235.0,67.0
235.0,68.0
236.0,44.0
236.0,45.0
236.0,46.0
236.0,47.0
236.0,48.0
236.0,49.0
236.0,50.0
236.0,51.0
236.0,52.0
236.0,53.0
236.0,54.0
236.0,55.0
236.0,56.0
236.0,57.0
236.0,58.0
236.0,59.0
236.0,60.0
236.0,61.0
236.0,62.0
236.0,63.0
236.0,64.0
236.0,65.0
236.0,66.0
236.0,67.0
236.0,68.0
237.0,44.0
237.0,45.0
237.0,46.0
237.0,47.0
237.0,48.0
237.0,49.0
237.0,50.0
237.0,51.0
237.0,52.0
237.0,53.0
237.0,54.0
237.0,55.0
237.0,56.0
237.0,57.0
237.0,58.0
237.0,59.0
237.0,60.0
237.0,61.0
237.0,62.0
237.0,63.0
237.0,64.0
237.0,65.0
237.0,66.0
237.0,67.0
237.0,68.0
238.0,44.0
238.0,45.0
238.0,46.0
238.0,47.0
238.0,48.0
238.0,49.0
238.0,50.0
238.0,51.0
238.0,54.0
238.0,55.0
238.0,56.0
238.0,57.0
238.0,58.0
238.0,59.0
238.0,60.0
238.0,61.0
238.0,62.0
238.0,63.0
238.0,64.0
238.0,65.0
238.0,66.0
238.0,67.0
238.0,68.0
239.0,44.0
239.0,45.0
239.0,46.0
239.0,47.0
239.0,48.0
239.0,49.0
239.0,50.0
239.0,51.0
239.0,55.0
239.0,56.0
239.0,57.0
239.0,58.0
239.0,59.0
239.0,60.0
239.0,61.0
239.0,62.0
239.0,63.0
239.0,64.0
239.0,65.0
239.0,66.0
239.0,67.0
239.0,68.0
240.0,44.0
240.0,45.0
240.0,46.0
240.0,47.0
240.0,48.0
240.0,49.0
240.0,50.0
240.0,51.0
240.0,52.0
240.0,53.0
240.0,54.0
240.0,55.0
240.0,56.0
240.0,57.0
240.0,58.0
240.0,59.0
240.0,60.0
240.0,61.0
240.0,62.0
240.0,63.0
240.0,64.0
240.0,65.0
240.0,66.0
240.0,67.0
240.0,68.0
241.0,45.0
241.0,46.0
241.0,47.0
241.0,48.0
241.0,49.0
241.0,50.0
241.0,51.0
241.0,52.0
241.0,53.0
241.0,54.0
241.0,55.0
241.0,56.0
241.0,57.0
241.0,58.0
241.0,59.0
241.0,60.0
241.0,61.0
241.0,62.0
241.0,63.0
241.0,64.0
241.0,65.0
241.0,66.0
241.0,67.0
242.0,46.0
242.0,47.0
242.0,48.0
242.0,49.0
242.0,50.0
242.0,51.0
242.0,52.0
242.0,53.0
242.0,54.0
242.0,55.0
242.0,56.0
242.0,57.0
242.0,58.0
242.0,59.0
242.0,60.0
242.0,61.0
242.0,62.0
242.0,63.0
242.0,64.0
242.0,65.0
242.0,66.0
242.0,67.0
243.0,47.0
243.0,48.0
243.0,49.0
243.0,50.0
243.0,51.0
243.0,52.0
243.0,53.0
243.0,54.0
243.0,55.0
243.0,56.0
243.0,57.0
243.0,58.0
243.0,59.0
243.0,60.0
243.0,61.0
243.0,62.0
243.0,63.0
243.0,64.0
243.0,65.0
243.0,66.0
244.0,51.0
244.0,52.0
244.0,53.0
244.0,54.0
244.0,60.0
244.0,61.0
244.0,62.0
244.0,63.0
244.0,64.0
244.0,65.0
244.0,85.0
245.0,85.0
250.0,84.0
250.0,85.0
251.0,83.0
251.0,84.0
251.0,85.0
252.0,83.0
252.0,84.0
252.0,85.0
253.0,84.0
253.0,85.0
253.0,86.0
254.0,84.0
254.0,85.0
254.0,86.0
254.0,87.0
255.0,83.0
255.0,84.0
255.0,85.0
255.0,86.0
255.0,87.0
256.0,83.0
256.0,84.0
256.0,85.0
256.0,86.0
256.0,87.0
257.0,83.0
257.0,84.0
257.0,85.0
257.0,86.0
257.0,87.0
258.0,81.0
258.0,82.0
258.0,83.0
258.0,84.0
258.0,85.0
258.0,86.0
259.0,80.0
259.0,81.0
259.0,82.0
259.0,83.0
259.0,84.0
259.0,85.0
260.0,79.0
260.0,80.0
260.0,81.0
260.0,82.0
260.0,83.0
260.0,84.0
260.0,85.0
261.0,78.0
261.0,79.0
261.0,80.0
261.0,81.0
261.0,82.0
261.0,83.0
261.0,84.0
261.0,85.0
262.0,0.0
262.0,77.0
262.0,78.0
262.0,79.0
262.0,80.0
262.0,81.0
262.0,82.0
262.0,83.0
262.0,84.0
262.0,85.0
263.0,79.0
263.0,80.0
263.0,81.0
263.0,82.0
263.0,83.0
263.0,84.0
263.0,85.0
264.0,84.0
265.0,23.0
265.0,24.0
266.0,23.0
266.0,24.0
267.0,23.0
267.0,24.0
268.0,23.0
273.0,83.0
273.0,84.0
273.0,85.0
274.0,83.0
274.0,84.0
274.0,85.0
274.0,86.0
275.0,83.0
275.0,84.0
275.0,85.0
276.0,83.0
276.0,84.0
276.0,85.0
277.0,84.0
278.0,84.0
279.0,84.0
279.0,85.0
280.0,84.0
280.0,85.0
281.0,84.0
281.0,85.0
282.0,84.0
282.0,85.0
283.0,84.0
283.0,85.0
284.0,84.0
284.0,85.0
285.0,2.0
285.0,3.0
285.0,83.0
285.0,84.0
285.0,85.0
286.0,83.0
286.0,84.0
286.0,85.0
286.0,86.0
287.0,83.0
287.0,84.0
287.0,85.0
287.0,86.0
288.0,0.0
288.0,83.0
288.0,84.0
288.0,85.0
288.0,86.0
288.0,87.0
289.0,0.0
289.0,1.0
289.0,83.0
289.0,84.0
289.0,85.0
289.0,86.0
289.0,87.0
290.0,0.0
290.0,1.0
290.0,84.0
290.0,85.0
290.0,86.0
290.0,87.0
291.0,0.0
291.0,1.0
291.0,84.0
291.0,85.0
291.0,86.0
291.0,87.0
291.0,88.0
292.0,0.0
292.0,85.0
292.0,86.0
292.0,87.0
292.0,88.0
293.0,85.0
293.0,86.0
293.0,87.0
293.0,88.0
294.0,85.0
294.0,86.0
294.0,87.0
294.0,88.0
295.0,85.0
295.0,86.0
295.0,87.0
295.0,88.0
296.0,85.0
296.0,86.0
296.0,87.0
297.0,84.0
297.0,85.0
297.0,86.0
297.0,87.0
298.0,83.0
298.0,84.0
298.0,85.0
298.0,86.0
299.0,82.0
299.0,83.0
299.0,84.0
299.0,85.0
299.0,86.0
300.0,82.0
300.0,83.0
300.0,84.0
300.0,85.0
300.0,86.0
301.0,82.0
301.0,83.0
301.0,84.0
301.0,85.0
302.0,83.0
302.0,84.0
302.0,85.0
303.0,84.0
305.0,83.0
305.0,84.0
306.0,82.0
306.0,83.0
306.0,84.0
306.0,85.0
307.0,83.0
309.0,32.0
309.0,33.0
309.0,34.0
309.0,35.0
310.0,31.0
310.0,32.0
310.0,33.0
310.0,34.0
310.0,35.0
310.0,36.0
310.0,37.0
310.0,38.0
311.0,30.0
311.0,31.0
311.0,32.0
311.0,33.0
311.0,34.0
311.0,35.0
311.0,36.0
311.0,37.0
311.0,38.0
312.0,30.0
312.0,31.0
312.0,32.0
312.0,33.0
312.0,34.0
312.0,35.0
312.0,36.0
312.0,37.0
312.0,38.0
313.0,31.0
313.0,32.0
313.0,33.0
313.0,34.0
313.0,35.0
313.0,36.0
313.0,37.0
313.0,38.0
314.0,31.0
314.0,32.0
314.0,33.0
314.0,34.0
314.0,35.0
314.0,36.0
314.0,37.0
314.0,38.0
315.0,32.0
315.0,33.0
315.0,34.0
315.0,35.0
315.0,36.0
315.0,37.0
316.0,32.0
316.0,33.0
316.0,34.0
316.0,35.0
316.0,36.0
316.0,37.0
317.0,33.0
317.0,34.0
317.0,36.0
317.0,37.0
318.0,33.0
318.0,34.0
318.0,35.0
318.0,36.0
318.0,37.0
318.0,83.0
318.0,84.0
319.0,83.0
319.0,84.0
319.0,85.0
320.0,83.0
320.0,84.0
320.0,85.0
320.0,86.0
321.0,83.0
321.0,84.0
321.0,85.0
321.0,86.0
322.0,83.0
322.0,84.0
322.0,85.0
322.0,86.0
323.0,83.0
323.0,84.0
323.0,85.0
323.0,86.0
324.0,83.0
324.0,84.0
324.0,85.0
325.0,83.0
325.0,84.0
325.0,85.0
326.0,82.0
326.0,83.0
326.0,84.0
326.0,85.0
327.0,82.0
327.0,83.0
327.0,84.0
327.0,85.0
328.0,82.0
328.0,83.0
328.0,84.0
328.0,85.0
329.0,82.0
329.0,83.0
329.0,84.0
329.0,85.0
330.0,0.0
330.0,1.0
330.0,82.0
330.0,83.0
330.0,84.0
330.0,85.0
331.0,0.0
331.0,1.0
331.0,82.0
331.0,83.0
331.0,84.0
331.0,85.0
332.0,0.0
332.0,83.0
332.0,84.0
333.0,83.0
333.0,84.0
334.0,84.0
335.0,84.0
336.0,84.0
337.0,84.0
338.0,84.0
339.0,84.0
341.0,0.0
