0,44,1
0,45,1
1,41,1
1,42,1
1,43,1
1,44,1
1,45,1
1,46,1
1,47,1
2,40,1
2,41,1
2,42,1
2,43,1
2,44,1
2,45,1
2,46,1
2,47,1
2,48,1
3,40,1
3,41,1
3,42,1
3,43,1
3,44,1
3,45,1
3,46,1
3,47,1
3,48,1
4,41,1
4,42,1
4,43,1
4,44,1
4,45,1
4,46,1
5,44,1
2,49,1
3,49,1
5,45,1
2,39,1
3,38,1
3,39,1
4,37,1
4,38,1
4,39,1
4,40,1
5,38,1
5,39,1
5,40,1
5,41,1
5,42,1
5,43,1
6,41,1
6,42,1
6,43,1
6,44,1
6,45,1
2,50,1
3,50,1
2,51,1
3,51,1
4,36,1
5,36,1
5,37,1
6,37,1
6,38,1
6,39,1
6,40,1
7,40,1
7,41,1
7,42,1
7,43,1
7,44,1
7,45,1
7,46,1
2,52,1
6,50,1
2,53,1
3,52,1
6,51,1
6,36,1
7,37,1
7,38,1
7,39,1
8,40,1
8,41,1
8,42,1
8,43,1
8,44,1
8,45,1
7,49,1
8,46,1
7,50,1
8,47,1
3,53,1
6,52,1
7,51,1
8,48,1
8,38,1
8,39,1
9,41,1
9,42,1
9,43,1
9,44,1
9,45,1
8,49,1
9,46,1
9,47,1
2,54,1
3,54,1
6,53,1
7,52,1
9,48,1
4,35,1
5,35,1
3,33,1
4,34,1
5,34,1
6,34,1
6,35,1
7,35,1
7,36,1
4,32,1
4,33,1
5,33,1
6,33,1
7,33,1
7,34,1
8,34,1
8,35,1
8,36,1
8,37,1
9,37,1
9,38,1
9,39,1
9,40,1
9,35,1
9,36,1
10,38,1
10,39,1
10,40,1
10,41,1
10,42,1
11,41,1
10,46,1
10,47,1
9,49,1
10,48,1
4,54,1
5,54,1
3,55,1
6,54,1
7,53,1
8,50,1
4,55,1
5,55,1
3,56,1
6,55,1
7,54,1
8,51,1
3,32,1
4,31,1
5,32,1
6,32,1
7,32,1
8,33,1
5,31,1
8,32,1
9,33,1
9,34,1
10,36,1
10,37,1
10,34,1
10,35,1
11,37,1
11,38,1
11,39,1
11,40,1
12,40,1
11,46,1
11,47,1
10,49,1
11,48,1
9,50,1
10,50,1
4,56,1
5,56,1
8,52,1
8,53,1
8,54,1
9,51,1
9,52,1
9,53,1
9,54,1
10,53,1
3,57,1
4,57,1
5,57,1
6,56,1
7,55,1
8,55,1
9,55,1
10,54,1
6,31,1
9,32,1
10,33,1
11,36,1
11,34,1
11,35,1
12,37,1
12,38,1
12,39,1
13,40,1
3,58,1
6,57,1
7,56,1
8,56,1
9,56,1
10,55,1
11,54,1
13,38,1
13,39,1
4,58,1
5,58,1
3,59,1
6,58,1
7,57,1
10,56,1
11,55,1
3,31,1
4,30,1
7,31,1
5,30,1
8,31,1
3,30,1
4,29,1
5,29,1
6,29,1
6,30,1
7,30,1
8,30,1
9,31,1
10,31,1
10,32,1
11,32,1
11,33,1
4,27,1
4,28,1
5,28,1
6,28,1
7,28,1
7,29,1
8,29,1
11,31,1
12,33,1
12,34,1
12,31,1
12,32,1
13,34,1
14,38,1
14,39,1
13,32,1
13,33,1
15,38,1
15,39,1
4,59,1
5,59,1
3,60,1
6,59,1
11,56,1
4,60,1
5,60,1
3,61,1
6,60,1
11,57,1
4,26,1
5,27,1
6,27,1
7,27,1
8,28,1
5,26,1
8,27,1
13,31,1
14,33,1
14,34,1
14,31,1
14,32,1
16,38,1
16,39,1
16,40,1
17,40,1
16,47,1
16,48,1
4,61,1
5,61,1
12,55,1
12,56,1
12,57,1
13,55,1
13,56,1
13,57,1
14,54,1
14,55,1
14,56,1
3,62,1
4,62,1
5,62,1
13,58,1
14,57,1
15,54,1
6,26,1
15,33,1
15,31,1
15,32,1
17,38,1
17,39,1
18,40,1
2,62,1
3,63,1
12,60,1
13,59,1
14,58,1
15,55,1
15,56,1
15,57,1
16,54,1
18,38,1
18,39,1
4,63,1
5,63,1
13,60,1
14,59,1
15,58,1
16,55,1
4,25,1
7,26,1
5,25,1
8,26,1
6,25,1
7,25,1
5,24,1
8,25,1
9,26,1
6,24,1
9,25,1
16,32,1
16,33,1
4,22,1
5,23,1
6,23,1
7,23,1
7,24,1
8,24,1
9,24,1
10,24,1
16,31,1
17,33,1
17,31,1
17,32,1
19,38,1
19,39,1
18,32,1
18,33,1
19,40,1
19,41,1
20,38,1
20,39,1
11,61,1
14,60,1
15,59,1
16,56,1
11,62,1
12,61,1
13,61,1
14,61,1
15,60,1
16,57,1
4,21,1
5,22,1
6,22,1
7,22,1
8,23,1
9,23,1
10,23,1
5,21,1
8,22,1
11,23,1
18,31,1
19,33,1
19,31,1
19,32,1
20,40,1
20,41,1
21,38,1
21,39,1
21,40,1
21,41,1
21,42,1
22,40,1
16,58,1
17,55,1
16,59,1
17,56,1
12,62,1
15,61,1
16,60,1
17,57,1
17,53,1
17,54,1
17,58,1
18,55,1
17,59,1
18,56,1
13,62,1
16,61,1
17,60,1
18,57,1
16,50,1
17,50,1
18,53,1
18,54,1
19,54,1
19,55,1
19,56,1
13,63,1
14,62,1
15,62,1
16,62,1
17,61,1
19,57,1
19,53,1
20,54,1
6,21,1
9,22,1
20,33,1
20,31,1
20,32,1
22,38,1
22,39,1
22,41,1
22,42,1
23,40,1
3,68,1
12,63,1
13,64,1
14,63,1
14,64,1
15,63,1
15,64,1
16,63,1
17,62,1
18,61,1
20,55,1
20,56,1
20,57,1
16,49,1
20,53,1
21,54,1
23,39,1
4,68,1
16,64,1
17,63,1
18,62,1
20,58,1
21,55,1
4,20,1
7,21,1
10,22,1
5,20,1
8,21,1
11,22,1
6,20,1
9,21,1
7,20,1
10,21,1
3,20,1
5,19,1
8,20,1
11,21,1
6,19,1
9,20,1
12,21,1
21,32,1
21,33,1
3,18,1
3,19,1
4,17,1
4,18,1
4,19,1
5,18,1
6,18,1
7,18,1
7,19,1
8,19,1
9,19,1
10,20,1
10,19,1
11,20,1
12,20,1
13,21,1
13,20,1
21,31,1
22,33,1
22,31,1
22,32,1
23,41,1
23,42,1
24,39,1
23,32,1
23,33,1
24,40,1
24,41,1
24,42,1
25,39,1
14,65,1
17,64,1
18,63,1
21,56,1
15,65,1
16,65,1
21,57,1
2,17,1
3,17,1
5,17,1
6,17,1
7,17,1
8,18,1
9,18,1
10,18,1
11,19,1
12,19,1
13,19,1
8,17,1
11,18,1
23,31,1
24,31,1
24,32,1
24,43,1
25,40,1
25,41,1
25,42,1
26,39,1
26,40,1
26,41,1
26,42,1
27,40,1
21,58,1
21,52,1
21,53,1
22,55,1
22,56,1
22,57,1
17,48,1
17,49,1
18,49,1
22,53,1
22,54,1
22,58,1
22,52,1
23,55,1
23,56,1
23,57,1
17,47,1
18,48,1
23,53,1
23,54,1
23,51,1
23,52,1
24,54,1
23,58,1
24,55,1
24,56,1
13,68,1
24,57,1
24,53,1
24,51,1
24,52,1
25,54,1
6,16,1
9,17,1
12,18,1
25,31,1
25,32,1
27,39,1
27,41,1
27,42,1
28,40,1
1,68,1
1,69,1
1,70,1
1,71,1
1,72,1
2,68,1
2,69,1
2,70,1
2,71,1
2,72,1
3,69,1
3,70,1
3,71,1
3,72,1
3,73,1
4,69,1
4,70,1
4,71,1
4,72,1
5,69,1
5,70,1
5,71,1
5,72,1
6,69,1
6,70,1
6,71,1
6,72,1
7,69,1
7,70,1
7,71,1
13,69,1
14,68,1
15,68,1
14,69,1
15,69,1
25,55,1
25,56,1
25,57,1
24,50,1
25,53,1
25,51,1
25,52,1
26,54,1
28,39,1
4,73,1
7,72,1
8,69,1
8,70,1
8,71,1
16,69,1
21,66,1
22,65,1
26,55,1
2,16,1
7,16,1
10,17,1
13,18,1
8,16,1
11,17,1
9,16,1
12,17,1
7,15,1
10,16,1
13,17,1
8,15,1
11,16,1
9,15,1
12,16,1
26,32,1
7,14,1
8,14,1
9,14,1
10,15,1
10,14,1
11,15,1
12,15,1
13,16,1
13,15,1
26,31,1
27,32,1
28,41,1
28,42,1
28,38,1
29,39,1
28,32,1
29,40,1
29,41,1
29,42,1
29,36,1
29,37,1
29,38,1
30,39,1
11,69,1
12,69,1
14,70,1
20,68,1
21,67,1
22,66,1
26,56,1
15,70,1
16,70,1
19,69,1
26,57,1
8,13,1
9,13,1
10,13,1
11,14,1
12,14,1
13,14,1
8,12,1
11,13,1
14,14,1
30,40,1
30,41,1
30,42,1
30,36,1
30,37,1
30,38,1
31,39,1
30,43,1
31,40,1
31,41,1
31,42,1
31,37,1
31,38,1
32,40,1
25,50,1
26,52,1
26,53,1
27,55,1
27,56,1
27,57,1
27,53,1
27,54,1
28,55,1
28,56,1
28,57,1
28,53,1
28,54,1
28,51,1
28,52,1
29,54,1
28,58,1
29,55,1
29,56,1
9,69,1
9,70,1
9,71,1
10,69,1
10,70,1
10,71,1
10,72,1
11,70,1
11,71,1
11,72,1
12,70,1
12,71,1
12,72,1
13,70,1
13,71,1
13,72,1
13,73,1
14,71,1
14,72,1
15,71,1
15,72,1
16,71,1
16,72,1
17,70,1
17,71,1
29,57,1
28,50,1
29,53,1
29,51,1
29,52,1
30,54,1
9,12,1
12,13,1
30,35,1
32,39,1
32,41,1
32,42,1
32,38,1
33,40,1
2,73,1
1,75,1
2,74,1
3,74,1
4,74,1
5,73,1
1,76,1
2,75,1
3,75,1
4,75,1
5,74,1
1,77,1
2,76,1
3,76,1
4,76,1
5,75,1
6,73,1
6,74,1
2,77,1
5,76,1
6,75,1
7,73,1
7,74,1
3,77,1
8,72,1
3,78,1
4,77,1
5,77,1
8,73,1
8,74,1
9,72,1
9,73,1
9,74,1
10,73,1
10,74,1
10,75,1
11,73,1
11,74,1
12,73,1
13,74,1
14,73,1
15,73,1
16,73,1
18,70,1
19,70,1
14,74,1
15,74,1
20,69,1
29,58,1
30,55,1
29,59,1
30,56,1
30,57,1
29,50,1
30,53,1
29,48,1
29,49,1
30,51,1
30,52,1
31,54,1
33,39,1
4,78,1
11,75,1
12,74,1
20,70,1
20,71,1
21,69,1
21,68,1
21,70,1
21,71,1
22,67,1
22,68,1
22,69,1
22,70,1
23,65,1
23,66,1
23,67,1
23,68,1
23,69,1
23,70,1
24,65,1
24,66,1
24,67,1
24,68,1
24,69,1
24,70,1
25,65,1
25,66,1
25,67,1
25,68,1
25,69,1
26,67,1
26,68,1
30,58,1
31,55,1
10,12,1
13,13,1
8,11,1
11,12,1
14,13,1
9,11,1
12,12,1
15,13,1
10,11,1
13,12,1
16,13,1
8,10,1
11,11,1
14,12,1
9,10,1
12,11,1
15,12,1
10,10,1
11,10,1
9,9,1
12,10,1
13,11,1
10,9,1
13,10,1
14,11,1
16,12,1
33,41,1
14,75,1
22,71,1
22,72,1
23,71,1
23,72,1
24,71,1
25,70,1
26,69,1
30,59,1
31,56,1
31,57,1
11,9,1
12,9,1
10,8,1
13,9,1
14,10,1
11,8,1
14,9,1
30,47,1
30,48,1
31,47,1
30,50,1
30,49,1
31,52,1
31,53,1
31,58,1
32,55,1
31,59,1
32,56,1
32,57,1
31,50,1
31,51,1
32,53,1
32,54,1
32,52,1
32,58,1
32,59,1
33,57,1
31,49,1
32,50,1
32,51,1
33,53,1
33,54,1
31,48,1
32,49,1
33,51,1
33,52,1
33,58,1
33,59,1
12,75,1
13,75,1
33,50,1
34,53,1
34,51,1
34,52,1
12,8,1
2,78,1
0,78,1
0,79,1
1,78,1
1,79,1
1,80,1
2,79,1
3,79,1
4,79,1
5,78,1
1,81,1
2,80,1
3,80,1
4,80,1
5,79,1
1,82,1
2,81,1
3,81,1
4,81,1
5,80,1
2,82,1
5,81,1
3,82,1
6,81,1
3,83,1
4,82,1
5,82,1
6,82,1
24,72,1
34,58,1
34,50,1
4,83,1
7,82,1
24,73,1
24,74,1
25,71,1
25,72,1
25,73,1
26,70,1
24,75,1
25,74,1
26,71,1
26,72,1
27,69,1
27,70,1
28,69,1
28,70,1
29,69,1
29,70,1
29,71,1
30,69,1
30,70,1
30,71,1
35,58,1
10,7,1
13,8,1
11,7,1
14,8,1
12,7,1
13,7,1
11,6,1
14,7,1
12,6,1
13,6,1
11,5,1
14,6,1
12,5,1
15,6,1
13,5,1
20,9,1
25,75,1
26,75,1
31,69,1
11,4,1
14,5,1
12,4,1
15,5,1
13,4,1
11,3,1
14,4,1
36,58,1
37,58,1
38,57,1
38,58,1
38,59,1
12,3,1
15,4,1
2,83,1
0,84,1
1,83,1
1,84,1
1,85,1
2,84,1
3,84,1
4,84,1
5,83,1
6,83,1
0,85,1
1,86,1
2,85,1
3,85,1
4,85,1
5,84,1
6,84,1
1,87,1
2,86,1
3,86,1
4,86,1
5,85,1
6,85,1
2,87,1
5,86,1
3,87,1
6,86,1
3,88,1
4,87,1
5,87,1
6,87,1
7,86,1
39,58,1
4,88,1
7,87,1
31,70,1
31,71,1
32,69,1
32,70,1
32,71,1
33,69,1
33,70,1
33,71,1
34,70,1
32,75,1
33,75,1
39,57,1
39,59,1
40,58,1
13,3,1
11,2,1
14,3,1
12,2,1
15,3,1
13,2,1
11,1,1
14,2,1
12,1,1
15,2,1
13,1,1
16,2,1
8,1,1
9,1,1
10,1,1
11,0,1
14,1,1
12,0,1
15,1,1
13,0,1
16,1,1
7,1,1
8,0,1
9,0,1
10,0,1
14,0,1
17,1,1
15,0,1
16,0,1
7,0,1
17,0,1
40,57,1
40,59,1
41,58,1
41,57,1
41,59,1
42,58,1
42,57,1
42,59,1
43,57,1
43,58,1
43,59,1
2,88,1
0,88,1
0,89,1
1,88,1
1,89,1
1,90,1
2,89,1
3,89,1
4,89,1
5,88,1
6,88,1
7,88,1
8,87,1
9,87,1
0,90,1
1,91,1
2,90,1
3,90,1
4,90,1
5,89,1
6,89,1
7,89,1
8,88,1
9,88,1
10,87,1
0,91,1
1,92,1
2,91,1
3,91,1
4,91,1
5,90,1
6,90,1
7,90,1
8,89,1
9,89,1
10,88,1
2,92,1
5,91,1
8,90,1
3,92,1
6,91,1
9,90,1
10,89,1
0,92,1
3,93,1
4,92,1
5,92,1
6,92,1
7,91,1
8,91,1
9,91,1
10,90,1
11,88,1
11,89,1
44,58,1
4,93,1
7,92,1
31,76,1
34,75,1
32,76,1
35,75,1
33,76,1
36,75,1
44,57,1
44,59,1
45,58,1
6,1,1
4,0,1
5,0,1
6,0,1
46,58,1
2,93,1
0,93,1
1,93,1
1,94,1
1,95,1
2,94,1
3,94,1
4,94,1
5,93,1
1,96,1
2,95,1
3,95,1
4,95,1
5,94,1
1,97,1
2,96,1
3,96,1
4,96,1
5,95,1
2,97,1
3,97,1
3,98,1
4,97,1
5,97,1
4,98,1
2,98,1
1,98,1
1,99,1
1,100,1
2,99,1
3,99,1
4,99,1
5,98,1
1,101,1
2,100,1
3,100,1
4,100,1
5,99,1
1,102,1
2,101,1
3,101,1
4,101,1
5,100,1
6,100,1
2,102,1
5,101,1
3,102,1
6,101,1
3,103,1
4,102,1
5,102,1
6,102,1
4,103,1
2,103,1
1,103,1
1,104,1
0,104,1
1,105,1
2,104,1
3,104,1
4,104,1
5,103,1
6,103,1
0,105,1
1,106,1
2,105,1
3,105,1
4,105,1
5,104,1
6,104,1
0,106,1
1,107,1
2,106,1
3,106,1
4,106,1
5,105,1
6,105,1
2,107,1
5,106,1
3,107,1
6,106,1
0,107,1
3,108,1
4,107,1
5,107,1
6,107,1
4,108,1
2,108,1
1,108,1
0,108,1
1,109,1
0,109,1
1,110,1
2,109,1
3,109,1
4,109,1
5,108,1
1,111,1
2,110,1
3,110,1
4,110,1
5,109,1
1,112,1
2,111,1
3,111,1
4,111,1
5,110,1
2,112,1
5,111,1
3,112,1
3,113,1
4,112,1
5,112,1
6,112,1
4,113,1
2,113,1
2,114,1
3,114,1
4,114,1
5,113,1
6,113,1
1,116,1
2,115,1
3,115,1
1,117,1
2,116,1
3,116,1
2,117,1
3,117,1
3,118,1
4,118,1
2,118,1
1,118,1
2,119,1
3,119,1
4,119,1
1,119,1
1,120,1
1,121,1
2,120,1
3,120,1
4,120,1
0,121,1
1,122,1
2,121,1
3,121,1
4,121,1
2,122,1
3,122,1
0,122,1
3,123,1
4,122,1
5,122,1
4,123,1
2,123,1
1,123,1
0,123,1
2,124,1
5,123,1
3,124,1
6,123,1
4,124,1
1,124,1
1,125,1
1,126,1
2,125,1
3,125,1
4,125,1
5,124,1
6,124,1
0,126,1
1,127,1
2,126,1
3,126,1
4,126,1
5,125,1
6,125,1
2,127,1
5,126,1
3,127,1
6,126,1
0,127,1
3,128,1
4,127,1
5,127,1
6,127,1
4,128,1
2,128,1
1,128,1
0,128,1
2,129,1
5,128,1
3,129,1
4,129,1
1,129,1
0,129,1
1,130,1
1,131,1
2,130,1
3,130,1
4,130,1
5,129,1
1,132,1
2,131,1
3,131,1
4,131,1
2,132,1
3,132,1
3,133,1
4,132,1
4,133,1
2,133,1
1,133,1
2,134,1
3,134,1
4,134,1
1,134,1
1,135,1
1,136,1
2,135,1
3,135,1
4,135,1
1,137,1
2,136,1
3,136,1
4,136,1
2,137,1
3,137,1
3,138,1
4,137,1
4,138,1
2,138,1
1,138,1
2,139,1
3,139,1
4,139,1
1,139,1
1,140,1
1,141,1
2,140,1
3,140,1
4,140,1
2,141,1
3,141,1
2,142,1
34,114,2
35,112,2
35,113,2
35,114,2
35,115,2
36,111,2
36,112,2
36,113,2
36,114,2
36,115,2
37,110,2
37,111,2
37,112,2
37,113,2
37,114,2
38,111,2
38,112,2
38,113,2
39,112,2
39,113,2
38,30,3
38,31,3
38,32,3
38,33,3
39,29,3
39,30,3
39,31,3
39,32,3
39,33,3
39,34,3
40,29,3
40,30,3
40,31,3
40,32,3
40,33,3
41,29,3
41,30,3
41,31,3
41,32,3
42,30,3
42,31,3
42,32,3
43,30,3
43,31,3
43,32,3
44,30,3
44,31,3
44,32,3
45,29,3
45,30,3
45,31,3
45,32,3
45,33,3
46,29,3
46,30,3
46,31,3
46,32,3
46,33,3
47,30,3
47,31,3
47,32,3
47,28,3
47,29,3
47,33,3
48,30,3
48,31,3
48,32,3
48,28,3
48,29,3
48,33,3
49,30,3
49,31,3
49,32,3
49,28,3
49,29,3
50,29,3
49,33,3
50,30,3
50,31,3
50,32,3
50,33,3
51,29,3
51,30,3
51,31,3
51,32,3
51,33,3
52,30,3
52,31,3
52,32,3
52,29,3
53,30,3
53,31,3
53,32,3
53,28,3
53,29,3
53,27,3
54,29,3
55,30,3
56,30,3
57,30,3
58,30,3
59,30,3
60,30,3
61,29,3
61,30,3
61,31,3
62,28,3
62,29,3
62,30,3
62,31,3
62,32,3
62,33,3
63,27,3
63,28,3
63,29,3
63,30,3
63,31,3
63,32,3
63,33,3
64,30,3
63,26,3
63,34,3
64,27,3
64,28,3
64,29,3
64,31,3
64,32,3
64,33,3
65,30,3
63,25,3
64,25,3
64,26,3
65,26,3
65,27,3
65,28,3
65,29,3
65,31,3
65,32,3
66,29,3
64,34,3
65,33,3
66,30,3
65,34,3
66,31,3
64,24,3
65,24,3
65,25,3
66,25,3
66,26,3
66,27,3
66,28,3
67,28,3
66,32,3
67,29,3
66,33,3
67,30,3
66,34,3
67,31,3
67,32,3
67,33,3
64,23,3
65,23,3
66,23,3
66,24,3
67,26,3
67,27,3
68,27,3
68,28,3
68,29,3
68,30,3
68,31,3
68,32,3
69,30,3
64,22,3
65,22,3
66,22,3
69,28,3
69,29,3
69,31,3
70,30,3
64,21,3
65,21,3
66,21,3
67,22,3
64,20,3
67,21,3
68,22,3
70,29,3
70,31,3
71,29,3
71,30,3
71,31,3
64,19,3
65,20,3
66,20,3
67,20,3
68,21,3
65,19,3
68,20,3
69,21,3
72,30,3
72,31,3
64,18,3
66,19,3
67,19,3
65,18,3
68,19,3
69,20,3
66,18,3
69,19,3
70,20,3
70,21,3
73,30,3
73,31,3
64,17,3
67,18,3
65,17,3
68,18,3
66,17,3
69,18,3
70,19,3
74,31,3
64,16,3
67,17,3
65,16,3
68,17,3
66,16,3
69,17,3
70,18,3
71,21,3
71,19,3
71,20,3
67,16,3
70,17,3
71,18,3
72,21,3
72,19,3
72,20,3
65,15,3
66,15,3
67,15,3
68,16,3
69,16,3
70,16,3
71,17,3
72,18,3
73,21,3
65,14,3
68,15,3
71,16,3
72,17,3
73,20,3
73,18,3
73,19,3
74,21,3
66,14,3
67,14,3
69,15,3
65,13,3
68,14,3
73,17,3
74,20,3
66,13,3
74,19,3
74,17,3
74,18,3
75,20,3
75,21,3
67,13,3
65,12,3
68,13,3
66,12,3
69,13,3
75,19,3
67,12,3
65,11,3
68,12,3
66,11,3
69,12,3
75,18,3
75,22,3
76,21,3
75,17,3
76,19,3
76,20,3
67,11,3
70,12,3
76,18,3
76,22,3
77,21,3
76,17,3
77,19,3
77,20,3
68,11,3
66,10,3
69,11,3
67,10,3
70,11,3
77,18,3
77,22,3
78,21,3
68,10,3
74,12,3
77,17,3
78,20,3
78,18,3
78,19,3
78,22,3
79,21,3
66,9,3
69,10,3
67,9,3
70,10,3
68,9,3
79,20,3
66,8,3
69,9,3
79,19,3
79,18,3
79,22,3
80,20,3
80,21,3
67,8,3
70,9,3
68,8,3
66,7,3
69,8,3
80,19,3
67,7,3
68,7,3
66,6,3
69,7,3
80,22,3
81,21,3
75,12,3
81,19,3
81,20,3
67,6,3
74,11,3
81,22,3
82,21,3
76,12,3
82,19,3
82,20,3
68,6,3
66,5,3
69,6,3
67,5,3
75,11,3
83,21,3
68,5,3
83,20,3
83,19,3
84,21,3
69,5,3
67,4,3
68,4,3
84,20,3
66,3,3
69,4,3
84,19,3
84,18,3
85,20,3
85,21,3
67,3,3
70,4,3
68,3,3
71,4,3
66,2,3
69,3,3
72,4,3
85,19,3
67,2,3
70,3,3
68,2,3
71,3,3
65,2,3
66,1,3
69,2,3
72,3,3
73,4,3
85,18,3
86,21,3
86,19,3
86,20,3
67,1,3
70,2,3
86,22,3
86,18,3
87,21,3
87,19,3
87,20,3
68,1,3
71,2,3
63,1,3
64,1,3
65,1,3
66,0,3
69,1,3
72,2,3
73,3,3
67,0,3
70,1,3
87,18,3
87,22,3
87,23,3
88,21,3
68,0,3
71,1,3
88,20,3
88,19,3
88,18,3
88,22,3
88,23,3
88,24,3
89,21,3
69,0,3
72,1,3
73,2,3
64,0,3
65,0,3
70,0,3
71,0,3
89,20,3
62,0,3
63,0,3
72,0,3
73,1,3
74,4,3
89,19,3
89,18,3
89,22,3
89,23,3
90,20,3
89,24,3
90,21,3
74,2,3
74,3,3
75,4,3
75,2,3
75,3,3
76,3,3
90,19,3
61,0,3
90,18,3
90,22,3
90,23,3
90,24,3
91,21,3
91,19,3
91,20,3
91,22,3
91,18,3
91,23,3
91,24,3
92,21,3
92,19,3
92,20,3
58,1,3
59,0,3
59,1,3
60,0,3
60,1,3
92,18,3
92,22,3
92,23,3
93,21,3
93,20,3
93,19,3
93,18,3
93,22,3
93,23,3
94,21,3
93,17,3
94,20,3
57,0,3
58,0,3
94,19,3
94,18,3
94,22,3
94,17,3
95,20,3
95,21,3
94,16,3
95,19,3
95,18,3
95,22,3
93,28,3
96,21,3
95,16,3
95,17,3
96,19,3
96,20,3
95,15,3
96,18,3
91,29,3
94,28,3
97,21,3
96,16,3
96,17,3
97,19,3
97,20,3
96,15,3
97,18,3
98,21,3
97,17,3
98,20,3
97,16,3
98,19,3
98,18,3
99,21,3
98,17,3
99,20,3
52,0,3
53,0,3
53,1,3
54,0,3
54,1,3
55,0,3
55,1,3
56,0,3
56,1,3
56,2,3
57,1,3
99,19,3
99,18,3
100,20,3
100,21,3
100,19,3
100,18,3
100,22,3
90,30,3
91,30,3
91,31,3
92,29,3
92,30,3
92,31,3
93,29,3
93,30,3
93,31,3
94,29,3
94,30,3
94,31,3
95,28,3
95,29,3
95,30,3
95,31,3
96,29,3
96,30,3
97,29,3
97,30,3
101,21,3
100,17,3
101,19,3
101,20,3
101,18,3
98,29,3
98,30,3
101,22,3
102,21,3
101,17,3
102,19,3
102,20,3
102,18,3
102,22,3
102,23,3
103,21,3
102,17,3
103,20,3
103,19,3
103,18,3
103,22,3
103,23,3
104,21,3
103,17,3
104,20,3
47,0,3
48,0,3
48,1,3
48,2,3
48,3,3
49,0,3
49,1,3
49,2,3
49,3,3
50,0,3
50,1,3
50,2,3
50,3,3
51,0,3
51,1,3
51,2,3
52,1,3
104,19,3
104,18,3
104,22,3
105,20,3
105,21,3
105,19,3
105,18,3
105,22,3
99,29,3
99,30,3
100,29,3
100,30,3
106,21,3
106,19,3
106,20,3
106,18,3
106,22,3
107,21,3
107,19,3
107,20,3
107,18,3
108,21,3
108,20,3
108,19,3
108,18,3
108,17,3
109,20,3
42,0,3
43,0,3
43,1,3
43,2,3
43,3,3
44,0,3
44,1,3
44,2,3
44,3,3
44,4,3
45,0,3
45,1,3
45,2,3
45,3,3
45,4,3
46,0,3
46,1,3
46,2,3
46,3,3
46,4,3
47,1,3
47,2,3
47,3,3
44,5,3
109,19,3
109,18,3
109,17,3
110,19,3
110,18,3
110,16,3
110,17,3
111,18,3
111,16,3
111,17,3
111,15,3
112,18,3
112,17,3
112,16,3
112,15,3
113,18,3
113,17,3
38,0,3
39,0,3
39,1,3
40,0,3
40,1,3
40,2,3
41,0,3
41,1,3
41,2,3
42,1,3
42,2,3
42,3,3
43,4,3
113,16,3
114,18,3
114,17,3
115,18,3
115,17,3
116,18,3
116,17,3
117,18,3
117,17,3
118,18,3
118,17,3
118,19,3
119,18,3
119,17,3
119,19,3
120,18,3
120,17,3
120,19,3
121,18,3
121,17,3
117,23,3
121,19,3
122,18,3
118,23,3
118,24,3
119,23,3
119,24,3
120,24,3
117,24,3
119,28,3
121,24,3
121,27,3
122,24,3
122,25,3
122,26,3
122,27,3
123,24,3
123,25,3
124,23,3
119,29,3
120,28,3
121,28,3
122,28,3
123,27,3
124,24,3
120,29,3
123,28,3
124,25,3
125,24,3
115,29,3
115,30,3
116,29,3
116,30,3
117,29,3
118,29,3
118,30,3
119,30,3
120,30,3
120,31,3
121,29,3
121,30,3
121,31,3
121,32,3
122,29,3
122,30,3
122,31,3
122,32,3
123,29,3
123,30,3
123,31,3
124,28,3
125,23,3
126,24,3
124,29,3
124,30,3
124,31,3
125,29,3
125,30,3
126,23,3
127,24,3
126,29,3
125,31,3
126,30,3
127,23,3
128,24,3
128,23,3
129,23,3
114,29,3
126,31,3
127,30,3
129,24,3
129,25,3
130,24,3
110,29,3
111,29,3
111,30,3
111,31,3
112,29,3
112,30,3
112,31,3
113,29,3
113,30,3
113,31,3
114,30,3
114,31,3
110,30,3
128,19,3
130,23,3
130,22,3
130,25,3
131,24,3
129,19,3
131,23,3
131,22,3
131,25,3
132,24,3
131,29,3
131,30,3
127,18,3
130,19,3
132,23,3
132,22,3
132,25,3
132,26,3
133,24,3
128,18,3
133,23,3
129,18,3
133,25,3
109,29,3
110,31,3
110,32,3
132,30,3
132,28,3
134,24,3
132,29,3
133,28,3
106,29,3
106,30,3
106,31,3
107,28,3
107,29,3
107,30,3
107,31,3
107,32,3
108,28,3
108,29,3
108,30,3
108,31,3
108,32,3
109,28,3
109,30,3
109,31,3
109,32,3
128,17,3
129,17,3
130,17,3
130,18,3
131,17,3
131,18,3
132,18,3
133,29,3
134,29,3
133,30,3
42,69,4
42,70,4
43,69,4
43,70,4
43,71,4
44,69,4
44,70,4
44,71,4
44,72,4
45,68,4
45,69,4
45,70,4
45,71,4
45,72,4
46,68,4
46,69,4
46,70,4
46,71,4
47,68,4
47,69,4
47,70,4
47,71,4
48,69,4
48,70,4
48,68,4
49,69,4
49,70,4
49,68,4
50,69,4
50,70,4
51,69,4
51,70,4
52,70,4
53,70,4
55,69,4
55,70,4
56,69,4
56,70,4
57,68,4
57,69,4
57,70,4
57,71,4
58,67,4
58,68,4
58,69,4
58,70,4
58,71,4
59,66,4
59,67,4
59,68,4
59,69,4
59,70,4
59,71,4
59,72,4
60,69,4
60,70,4
60,66,4
60,67,4
60,68,4
60,71,4
61,69,4
61,70,4
60,65,4
61,65,4
61,66,4
61,67,4
61,68,4
62,68,4
62,69,4
62,70,4
60,63,4
61,63,4
61,64,4
62,64,4
62,65,4
62,67,4
59,61,4
59,62,4
60,62,4
61,62,4
62,62,4
62,63,4
63,63,4
59,76,4
59,77,4
60,76,4
60,61,4
63,62,4
64,63,4
58,61,4
60,60,4
61,61,4
62,61,4
63,61,4
64,62,4
61,60,4
64,61,4
65,62,4
58,60,4
59,60,4
61,59,4
62,59,4
62,60,4
63,60,4
64,60,4
65,61,4
66,63,4
66,61,4
66,62,4
66,60,4
67,62,4
67,63,4
67,60,4
67,61,4
68,63,4
55,79,4
56,78,4
56,79,4
56,80,4
57,78,4
57,79,4
57,80,4
58,77,4
58,78,4
58,79,4
58,80,4
59,78,4
59,79,4
59,80,4
59,81,4
60,77,4
60,78,4
60,79,4
60,80,4
61,77,4
61,78,4
61,79,4
61,80,4
62,78,4
62,79,4
62,80,4
63,78,4
63,79,4
55,80,4
56,81,4
57,81,4
58,81,4
59,82,4
60,81,4
61,81,4
63,80,4
64,78,4
64,79,4
68,62,4
68,60,4
68,61,4
69,62,4
69,61,4
69,60,4
70,62,4
61,54,4
70,61,4
70,60,4
71,61,4
71,62,4
72,62,4
72,61,4
50,79,4
51,78,4
51,79,4
51,80,4
52,78,4
52,79,4
53,78,4
53,79,4
54,79,4
57,82,4
57,83,4
58,82,4
58,83,4
59,83,4
60,82,4
58,84,4
59,84,4
60,83,4
61,82,4
60,84,4
58,85,4
59,85,4
64,80,4
59,86,4
65,78,4
65,79,4
65,80,4
66,79,4
50,80,4
58,86,4
59,87,4
73,62,4
73,60,4
73,61,4
74,62,4
74,61,4
74,60,4
75,62,4
75,61,4
75,60,4
76,61,4
76,60,4
77,61,4
47,78,4
47,79,4
47,80,4
47,81,4
47,82,4
48,77,4
48,78,4
48,79,4
48,80,4
48,81,4
48,82,4
49,78,4
49,79,4
49,80,4
49,81,4
49,82,4
50,78,4
50,81,4
59,88,4
70,79,4
70,80,4
51,122,5
51,123,5
51,124,5
51,125,5
51,126,5
51,127,5
52,121,5
52,122,5
52,123,5
52,124,5
52,125,5
52,126,5
53,120,5
53,121,5
53,122,5
53,123,5
53,124,5
53,125,5
53,126,5
54,120,5
54,121,5
54,122,5
54,123,5
54,124,5
54,125,5
54,126,5
55,119,5
55,120,5
55,121,5
55,122,5
55,123,5
55,124,5
55,125,5
56,122,5
51,128,5
52,127,5
53,127,5
54,127,5
55,126,5
56,123,5
51,129,5
52,128,5
53,128,5
54,128,5
55,127,5
56,124,5
52,129,5
53,129,5
54,129,5
55,128,5
56,125,5
52,130,5
53,130,5
54,130,5
55,129,5
56,126,5
52,131,5
53,131,5
54,131,5
55,130,5
56,127,5
55,117,5
55,118,5
56,118,5
56,119,5
56,120,5
56,121,5
57,121,5
57,122,5
57,123,5
57,124,5
56,128,5
57,125,5
56,129,5
57,126,5
55,116,5
56,116,5
56,117,5
57,117,5
57,118,5
57,119,5
57,120,5
58,123,5
57,127,5
58,124,5
57,128,5
58,125,5
56,130,5
57,129,5
58,126,5
57,116,5
58,117,5
58,127,5
59,124,5
58,128,5
59,125,5
57,130,5
58,129,5
59,126,5
55,114,5
55,115,5
56,115,5
57,115,5
58,115,5
58,116,5
59,127,5
60,124,5
59,128,5
60,125,5
52,132,5
53,132,5
54,132,5
55,131,5
56,131,5
59,129,5
60,126,5
52,133,5
53,133,5
54,133,5
55,132,5
60,127,5
52,134,5
55,133,5
53,134,5
54,134,5
60,128,5
61,125,5
52,135,5
55,134,5
53,135,5
54,135,5
60,129,5
61,126,5
52,136,5
55,135,5
53,136,5
54,136,5
61,127,5
55,112,5
55,113,5
56,113,5
56,114,5
57,113,5
57,114,5
58,113,5
58,114,5
61,128,5
61,129,5
62,126,5
55,111,5
56,112,5
57,112,5
58,112,5
56,111,5
62,127,5
62,128,5
62,129,5
57,111,5
63,127,5
63,128,5
55,109,5
55,110,5
56,110,5
57,110,5
58,110,5
58,111,5
52,137,5
55,136,5
53,137,5
54,137,5
53,138,5
54,138,5
53,139,5
55,107,5
55,108,5
56,108,5
56,109,5
57,108,5
57,109,5
58,109,5
56,107,5
56,96,6
56,97,6
56,98,6
56,99,6
56,100,6
56,101,6
57,95,6
57,96,6
57,97,6
57,98,6
57,99,6
57,100,6
58,95,6
58,96,6
58,97,6
58,98,6
58,99,6
58,100,6
59,96,6
59,97,6
59,98,6
59,99,6
56,102,6
57,101,6
58,101,6
57,102,6
61,41,7
61,42,7
61,43,7
61,44,7
61,45,7
61,46,7
61,47,7
62,39,7
62,40,7
62,41,7
62,42,7
62,43,7
62,44,7
62,45,7
62,46,7
63,41,7
63,42,7
63,43,7
63,44,7
63,45,7
63,46,7
61,48,7
62,47,7
63,47,7
62,48,7
63,48,7
70,79,8
70,80,8
71,79,8
71,80,8
71,81,8
72,80,8
72,81,8
73,80,8
73,81,8
73,82,8
74,80,8
74,81,8
74,82,8
75,81,8
75,82,8
75,83,8
76,81,8
76,82,8
76,83,8
77,81,8
77,82,8
77,83,8
78,81,8
78,82,8
79,81,8
80,81,8
80,82,8
81,81,8
81,82,8
82,81,8
82,82,8
82,83,8
82,80,8
83,81,8
83,82,8
83,80,8
83,83,8
84,81,8
84,80,8
84,82,8
84,83,8
85,81,8
85,82,8
85,80,8
85,83,8
86,81,8
86,82,8
86,80,8
87,81,8
87,82,8
87,80,8
88,81,8
88,82,8
88,80,8
89,81,8
89,80,8
89,82,8
90,81,8
90,82,8
90,80,8
91,81,8
91,82,8
91,80,8
92,81,8
92,82,8
92,80,8
93,81,8
93,82,8
93,80,8
94,81,8
94,80,8
94,82,8
95,81,8
95,82,8
95,80,8
96,81,8
96,82,8
96,80,8
97,81,8
97,82,8
97,80,8
98,81,8
98,82,8
99,81,8
99,82,8
100,81,8
100,82,8
86,2,9
86,3,9
87,2,9
87,3,9
87,4,9
88,2,9
88,3,9
88,4,9
89,2,9
89,3,9
89,4,9
90,2,9
90,3,9
90,4,9
91,2,9
91,3,9
91,4,9
91,5,9
92,2,9
92,3,9
92,4,9
92,5,9
93,3,9
93,4,9
93,5,9
93,6,9
94,5,9
94,6,9
88,60,10
88,61,10
89,56,10
89,57,10
89,58,10
89,59,10
89,60,10
89,61,10
89,62,10
90,56,10
90,57,10
90,58,10
90,59,10
90,60,10
90,61,10
90,62,10
91,56,10
91,57,10
91,58,10
91,59,10
91,60,10
91,61,10
91,62,10
92,60,10
92,61,10
92,62,10
90,55,10
91,55,10
100,5,11
100,6,11
100,7,11
101,4,11
101,5,11
101,6,11
101,7,11
101,8,11
102,5,11
102,6,11
102,7,11
102,8,11
103,5,11
103,6,11
103,7,11
103,8,11
104,6,11
104,7,11
104,8,11
105,7,11
105,81,12
106,80,12
106,81,12
106,82,12
107,80,12
107,81,12
107,82,12
108,80,12
108,81,12
108,82,12
109,80,12
109,81,12
109,82,12
110,81,12
110,82,12
111,81,12
111,82,12
112,81,12
112,82,12
113,81,12
113,82,12
113,83,12
114,81,12
114,82,12
114,83,12
115,81,12
115,82,12
115,83,12
116,81,12
116,82,12
116,83,12
116,84,12
117,81,12
117,82,12
117,83,12
117,84,12
117,85,12
118,82,12
118,83,12
118,84,12
118,85,12
119,83,12
119,84,12
111,65,13
111,66,13
111,67,13
112,64,13
112,65,13
112,66,13
112,67,13
113,64,13
113,65,13
113,66,13
114,64,13
114,65,13
114,66,13
115,64,13
115,65,13
115,66,13
116,64,13
116,65,13
116,66,13
117,64,13
117,65,13
117,66,13
118,64,13
118,65,13
118,66,13
118,63,13
119,64,13
119,65,13
119,66,13
119,63,13
120,64,13
120,65,13
120,66,13
121,64,13
121,65,13
121,66,13
122,65,13
122,66,13
123,65,13
123,66,13
123,67,13
124,65,13
124,66,13
124,67,13
124,68,13
125,65,13
125,66,13
125,67,13
126,64,13
125,68,13
126,65,13
126,66,13
126,67,13
126,68,13
127,65,13
127,66,13
127,64,13
127,67,13
127,68,13
128,65,13
128,66,13
128,67,13
128,64,13
128,68,13
129,65,13
129,66,13
129,67,13
129,64,13
130,65,13
130,66,13
130,67,13
130,64,13
131,64,13
131,65,13
131,66,13
131,67,13
131,68,13
132,65,13
132,66,13
132,64,13
132,67,13
133,65,13
133,66,13
133,67,13
133,64,13
134,65,13
134,66,13
134,67,13
135,65,13
135,66,13
135,67,13
135,64,13
136,64,13
136,65,13
136,66,13
136,67,13
137,65,13
137,66,13
137,64,13
137,67,13
138,65,13
138,66,13
138,67,13
138,64,13
139,65,13
139,66,13
139,67,13
139,64,13
140,65,13
140,66,13
140,67,13
140,64,13
141,64,13
141,65,13
141,66,13
141,67,13
142,65,13
142,66,13
142,64,13
142,67,13
143,65,13
143,66,13
143,67,13
143,64,13
144,65,13
144,66,13
144,67,13
144,64,13
145,65,13
145,66,13
145,67,13
145,64,13
146,64,13
145,68,13
146,65,13
146,66,13
146,67,13
146,68,13
147,65,13
147,66,13
147,64,13
147,67,13
147,68,13
148,65,13
148,66,13
148,67,13
148,64,13
148,68,13
149,65,13
149,66,13
149,67,13
149,64,13
149,63,13
150,65,13
150,66,13
150,67,13
150,64,13
150,63,13
151,64,13
151,65,13
151,66,13
151,67,13
151,63,13
152,65,13
152,66,13
152,64,13
152,63,13
153,65,13
153,66,13
153,64,13
153,63,13
154,65,13
154,64,13
157,64,13
158,65,13
158,64,13
158,63,13
159,65,13
159,64,13
124,0,14
124,1,14
124,2,14
125,0,14
125,1,14
125,2,14
125,3,14
125,4,14
126,0,14
126,1,14
126,2,14
126,3,14
126,4,14
127,0,14
127,1,14
127,2,14
127,3,14
128,0,14
128,1,14
128,2,14
129,0,14
129,1,14
130,0,14
131,8,15
131,9,15
132,8,15
132,9,15
132,10,15
133,8,15
133,9,15
133,10,15
134,8,15
134,9,15
134,10,15
135,8,15
135,9,15
135,10,15
136,8,15
136,9,15
136,10,15
137,8,15
137,9,15
137,10,15
137,11,15
138,8,15
138,9,15
138,10,15
138,11,15
139,8,15
139,9,15
139,10,15
139,11,15
139,12,15
140,9,15
140,10,15
140,11,15
141,9,15
141,10,15
141,11,15
142,9,15
142,10,15
142,11,15
143,9,15
143,10,15
143,11,15
143,12,15
144,9,15
144,10,15
139,16,15
144,11,15
139,17,15
140,16,15
141,16,15
145,9,15
145,10,15
145,11,15
146,9,15
146,10,15
147,9,15
147,10,15
148,9,15
149,9,15
149,8,15
150,9,15
150,10,15
150,8,15
151,9,15
151,10,15
151,8,15
152,9,15
152,10,15
152,8,15
152,11,15
153,9,15
153,8,15
153,10,15
153,11,15
154,9,15
154,8,15
154,10,15
154,11,15
155,9,15
155,10,15
155,11,15
155,12,15
156,9,15
156,10,15
158,9,15
156,15,15
159,9,15
159,8,15
159,10,15
157,15,15
160,9,15
160,10,15
158,15,15
156,16,15
157,16,15
158,16,15
159,15,15
160,7,15
160,8,15
161,9,15
161,10,15
161,8,15
162,8,15
162,9,15
162,10,15
163,9,15
156,17,15
157,17,15
157,18,15
158,17,15
158,18,15
159,16,15
159,17,15
159,18,15
160,16,15
160,17,15
160,18,15
161,16,15
161,17,15
161,18,15
162,15,15
162,16,15
162,17,15
163,15,15
163,16,15
163,17,15
164,15,15
164,16,15
164,17,15
165,16,15
165,17,15
165,14,15
165,15,15
166,16,15
166,17,15
166,14,15
166,15,15
167,15,15
167,16,15
167,14,15
168,15,15
168,16,15
168,14,15
169,15,15
169,16,15
169,14,15
170,16,15
167,10,15
168,10,15
170,14,15
170,15,15
171,16,15
169,10,15
171,14,15
171,15,15
172,15,15
172,16,15
167,9,15
170,10,15
172,14,15
173,15,15
173,16,15
168,9,15
171,10,15
174,15,15
174,16,15
169,9,15
172,10,15
169,8,15
170,8,15
170,9,15
171,8,15
171,9,15
172,8,15
172,9,15
173,10,15
173,8,15
173,9,15
174,9,15
175,9,15
176,9,15
177,9,15
178,9,15
131,81,16
131,82,16
132,81,16
132,82,16
133,81,16
133,82,16
134,80,16
134,81,16
134,82,16
135,80,16
135,81,16
135,82,16
136,80,16
136,81,16
136,82,16
137,80,16
137,81,16
137,82,16
138,80,16
138,81,16
138,82,16
139,80,16
139,81,16
139,82,16
140,80,16
140,81,16
140,82,16
141,80,16
141,81,16
141,82,16
142,80,16
142,81,16
142,82,16
143,81,16
143,82,16
144,82,16
144,83,16
145,82,16
145,83,16
141,23,17
141,24,17
142,23,17
142,24,17
143,23,17
143,24,17
143,25,17
143,29,17
143,30,17
144,23,17
144,24,17
144,25,17
144,29,17
145,23,17
145,24,17
145,25,17
145,28,17
145,29,17
146,24,17
146,28,17
146,29,17
147,24,17
147,28,17
140,30,17
141,30,17
142,30,17
144,30,17
145,30,17
146,30,17
147,29,17
147,30,17
148,29,17
148,24,17
149,24,17
148,28,17
149,25,17
148,30,17
148,31,17
149,29,17
145,18,17
150,24,17
149,28,17
150,25,17
149,30,17
149,31,17
150,28,17
150,29,17
150,26,17
150,27,17
151,24,17
150,30,17
151,28,17
151,29,17
151,23,17
151,25,17
151,26,17
151,27,17
152,24,17
151,30,17
152,28,17
152,29,17
152,26,17
152,27,17
152,23,17
152,25,17
153,24,17
153,23,17
153,25,17
153,26,17
153,27,17
154,24,17
153,28,17
154,25,17
154,23,17
154,26,17
154,27,17
155,24,17
155,25,17
155,26,17
155,23,17
156,24,17
156,23,17
156,25,17
156,26,17
156,27,17
157,24,17
157,28,17
157,26,17
157,27,17
157,25,17
158,25,17
158,26,17
158,27,17
158,28,17
159,26,17
159,27,17
159,28,17
160,26,17
160,27,17
161,25,17
161,26,17
161,27,17
162,24,17
162,26,17
162,27,17
162,25,17
163,25,17
163,26,17
163,27,17
163,28,17
163,23,17
163,24,17
164,26,17
164,27,17
164,28,17
164,23,17
164,24,17
164,25,17
165,26,17
165,27,17
165,24,17
165,25,17
165,28,17
166,25,17
166,26,17
166,27,17
166,24,17
166,28,17
167,26,17
167,27,17
167,25,17
167,28,17
168,25,17
168,26,17
168,27,17
169,26,17
169,27,17
169,25,17
170,26,17
170,27,17
171,26,17
171,27,17
172,26,17
172,27,17
172,25,17
173,25,17
173,26,17
173,27,17
174,26,17
174,27,17
174,25,17
175,26,17
175,27,17
175,25,17
176,26,17
176,27,17
176,25,17
176,28,17
177,26,17
177,27,17
177,25,17
177,28,17
178,25,17
178,26,17
178,27,17
178,28,17
179,26,17
179,27,17
179,25,17
179,28,17
180,26,17
180,27,17
180,25,17
180,28,17
181,26,17
181,27,17
181,25,17
181,28,17
182,26,17
182,27,17
182,25,17
182,28,17
183,25,17
183,26,17
183,27,17
183,28,17
184,26,17
184,27,17
184,25,17
184,28,17
184,29,17
185,26,17
185,27,17
185,25,17
185,28,17
185,29,17
186,26,17
186,27,17
186,25,17
186,28,17
186,29,17
187,26,17
187,27,17
187,25,17
187,28,17
187,29,17
188,26,17
188,27,17
188,28,17
179,10,18
179,15,18
180,9,18
180,10,18
180,14,18
180,15,18
181,10,18
181,14,18
181,15,18
182,14,18
182,15,18
182,16,18
183,14,18
183,15,18
183,16,18
184,13,18
184,14,18
184,15,18
184,16,18
185,14,18
181,9,18
185,12,18
185,13,18
185,15,18
185,16,18
186,14,18
186,15,18
186,11,18
186,12,18
186,13,18
186,16,18
187,14,18
187,15,18
187,11,18
187,12,18
187,13,18
188,14,18
188,15,18
187,10,18
188,10,18
188,11,18
188,12,18
188,13,18
189,13,18
189,14,18
189,11,18
189,12,18
190,14,18
189,10,18
190,12,18
190,13,18
190,11,18
191,14,18
190,10,18
191,11,18
191,12,18
191,13,18
192,14,18
191,10,18
192,11,18
192,12,18
192,13,18
193,14,18
192,10,18
193,10,18
193,11,18
193,12,18
193,13,18
194,13,18
194,11,18
194,12,18
194,10,18
195,12,18
195,13,18
195,11,18
195,10,18
196,11,18
196,12,18
196,13,18
196,10,18
197,11,18
197,12,18
197,13,18
197,10,18
198,10,18
198,11,18
198,12,18
198,13,18
199,13,18
199,11,18
199,12,18
199,10,18
200,12,18
200,13,18
200,11,18
200,10,18
201,11,18
201,12,18
201,13,18
202,11,18
202,12,18
202,13,18
203,11,18
203,12,18
203,13,18
204,13,18
204,11,18
204,12,18
204,10,18
205,12,18
205,13,18
205,11,18
205,10,18
205,14,18
206,11,18
206,12,18
206,13,18
206,10,18
206,14,18
207,11,18
207,12,18
207,13,18
207,10,18
207,14,18
208,11,18
208,12,18
208,13,18
182,84,19
183,83,19
183,84,19
184,83,19
184,84,19
185,84,19
185,85,19
186,84,19
186,85,19
187,84,19
187,85,19
187,86,19
188,84,19
188,85,19
188,86,19
188,87,19
189,83,19
189,84,19
189,85,19
189,86,19
189,87,19
190,84,19
189,88,19
190,85,19
190,83,19
190,86,19
190,87,19
191,84,19
191,85,19
191,83,19
191,86,19
192,84,19
192,85,19
192,86,19
192,83,19
193,84,19
193,85,19
193,86,19
193,83,19
194,83,19
194,84,19
194,85,19
195,84,19
195,85,19
195,83,19
196,84,19
196,85,19
196,83,19
197,84,19
197,85,19
197,86,19
197,83,19
198,84,19
198,85,19
198,86,19
198,83,19
199,83,19
199,84,19
199,85,19
199,86,19
200,84,19
200,85,19
200,83,19
200,86,19
201,84,19
201,85,19
202,84,19
202,85,19
203,84,19
203,85,19
203,83,19
204,83,19
204,84,19
205,84,19
205,83,19
206,84,19
207,84,19
208,84,19
208,85,19
209,84,19
209,85,19
209,86,19
210,84,19
210,85,19
210,86,19
211,84,19
211,85,19
211,86,19
212,84,19
212,83,19
212,85,19
212,86,19
213,84,19
213,85,19
213,83,19
214,84,19
214,85,19
214,82,19
214,83,19
215,84,19
215,85,19
215,81,19
215,82,19
215,83,19
216,84,19
216,81,19
216,82,19
216,83,19
189,95,20
189,96,20
189,97,20
190,93,20
190,94,20
190,95,20
190,96,20
190,97,20
190,98,20
191,93,20
191,94,20
191,95,20
191,96,20
191,97,20
191,98,20
192,94,20
192,95,20
192,96,20
192,97,20
193,95,20
193,96,20
193,97,20
189,136,21
190,135,21
190,136,21
190,137,21
191,132,21
191,133,21
191,134,21
191,135,21
191,136,21
191,137,21
192,132,21
192,133,21
192,134,21
192,135,21
192,136,21
192,137,21
192,138,21
193,133,21
193,134,21
193,135,21
193,136,21
193,137,21
193,138,21
193,139,21
194,136,21
191,131,21
192,131,21
193,131,21
193,132,21
194,132,21
194,133,21
194,134,21
194,135,21
194,137,21
194,138,21
194,139,21
194,140,21
191,130,21
192,128,21
192,129,21
192,130,21
193,128,21
193,129,21
193,130,21
194,128,21
194,129,21
194,130,21
194,131,21
195,129,21
195,130,21
195,131,21
195,132,21
195,133,21
196,132,21
196,133,21
195,138,21
195,139,21
195,140,21
192,127,21
195,128,21
196,129,21
196,130,21
196,131,21
197,132,21
197,133,21
197,134,21
196,139,21
196,140,21
197,130,21
197,131,21
198,133,21
198,134,21
193,127,21
194,127,21
192,126,21
195,127,21
196,128,21
193,126,21
196,127,21
197,128,21
197,129,21
198,131,21
198,132,21
198,129,21
198,130,21
199,132,21
199,133,21
199,134,21
199,135,21
194,126,21
192,123,21
192,124,21
192,125,21
193,124,21
193,125,21
194,124,21
194,125,21
195,124,21
195,125,21
195,126,21
196,125,21
196,126,21
193,123,21
196,124,21
197,125,21
197,126,21
197,127,21
198,128,21
194,123,21
197,124,21
198,125,21
198,126,21
198,127,21
199,128,21
199,129,21
199,130,21
199,131,21
199,126,21
199,127,21
200,129,21
200,130,21
200,131,21
200,132,21
200,133,21
200,134,21
200,135,21
201,132,21
201,133,21
195,123,21
198,124,21
199,125,21
200,128,21
200,126,21
200,127,21
201,129,21
201,130,21
201,131,21
201,134,21
201,135,21
202,132,21
202,133,21
202,134,21
201,127,21
201,128,21
202,130,21
202,131,21
202,135,21
202,136,21
203,133,21
203,134,21
193,122,21
196,123,21
194,122,21
197,123,21
195,122,21
198,123,21
199,124,21
200,125,21
196,122,21
199,123,21
200,124,21
201,125,21
201,126,21
202,128,21
202,129,21
203,131,21
203,132,21
202,126,21
202,127,21
203,129,21
203,130,21
203,135,21
204,132,21
203,136,21
204,133,21
204,134,21
204,135,21
199,122,21
200,122,21
200,123,21
200,121,21
201,124,21
201,122,21
201,123,21
202,125,21
203,128,21
200,120,21
201,121,21
202,124,21
202,122,21
202,123,21
203,125,21
203,126,21
203,127,21
204,128,21
204,129,21
204,130,21
204,131,21
204,126,21
204,127,21
205,129,21
205,130,21
205,131,21
205,132,21
204,136,21
205,133,21
204,137,21
205,134,21
205,135,21
206,132,21
205,136,21
206,133,21
201,120,21
202,121,21
205,128,21
205,127,21
206,129,21
206,130,21
206,131,21
205,137,21
206,134,21
206,135,21
207,132,21
206,136,21
207,133,21
206,137,21
207,134,21
206,127,21
206,128,21
207,130,21
207,131,21
207,135,21
207,136,21
208,133,21
208,134,21
200,119,21
201,119,21
202,120,21
207,128,21
207,129,21
208,131,21
208,132,21
208,130,21
208,135,21
209,132,21
208,136,21
209,133,21
209,134,21
209,135,21
209,130,21
209,131,21
210,130,21
210,131,21
210,132,21
209,136,21
210,133,21
210,134,21
210,135,21
211,132,21
210,136,21
211,133,21
211,131,21
211,134,21
211,135,21
211,136,21
212,133,21
212,134,21
212,135,21
212,136,21
213,134,21
213,135,21
198,20,22
198,21,22
198,22,22
199,20,22
199,21,22
199,22,22
199,23,22
200,20,22
200,21,22
200,22,22
200,23,22
200,24,22
201,20,22
201,21,22
201,22,22
201,23,22
201,24,22
201,25,22
201,26,22
202,21,22
202,25,22
202,26,22
202,27,22
203,26,22
203,27,22
221,47,23
221,48,23
221,49,23
222,46,23
222,47,23
222,48,23
222,49,23
223,44,23
223,45,23
223,46,23
223,47,23
223,48,23
224,44,23
224,45,23
224,46,23
225,44,23
225,45,23
225,46,23
225,49,23
225,50,23
226,47,23
224,52,23
225,51,23
226,48,23
224,53,23
225,52,23
226,49,23
225,43,23
226,43,23
226,44,23
226,45,23
226,46,23
227,46,23
226,50,23
227,47,23
226,51,23
227,48,23
225,53,23
226,52,23
227,49,23
227,50,23
228,47,23
227,51,23
228,48,23
228,49,23
229,47,23
229,48,23
228,50,23
229,49,23
225,54,23
226,53,23
227,52,23
227,53,23
228,51,23
228,52,23
228,53,23
229,50,23
229,51,23
229,52,23
230,49,23
224,54,23
225,55,23
226,54,23
227,54,23
228,54,23
229,53,23
230,50,23
230,47,23
230,48,23
231,47,23
224,55,23
224,56,23
224,57,23
225,56,23
226,55,23
226,56,23
227,55,23
227,56,23
228,55,23
229,54,23
230,51,23
231,48,23
223,57,23
224,58,23
225,57,23
226,57,23
227,57,23
228,56,23
229,55,23
230,52,23
231,49,23
231,44,23
231,45,23
231,46,23
232,46,23
230,53,23
231,50,23
232,47,23
230,54,23
231,51,23
232,48,23
225,58,23
228,57,23
229,56,23
230,55,23
231,52,23
232,49,23
231,53,23
232,50,23
232,44,23
232,45,23
233,47,23
231,54,23
232,51,23
233,48,23
232,52,23
233,49,23
232,43,23
233,44,23
233,45,23
233,46,23
233,50,23
234,47,23
233,51,23
234,48,23
232,53,23
233,52,23
234,49,23
223,58,23
225,59,23
226,58,23
227,58,23
228,58,23
229,57,23
230,56,23
231,55,23
230,57,23
231,56,23
232,54,23
232,55,23
231,57,23
232,56,23
233,53,23
234,50,23
233,54,23
234,51,23
233,55,23
234,52,23
234,46,23
235,49,23
224,59,23
223,59,23
225,60,23
226,59,23
227,59,23
228,59,23
229,58,23
230,58,23
231,58,23
232,57,23
233,56,23
234,53,23
235,50,23
233,43,23
234,44,23
234,45,23
235,47,23
235,48,23
234,43,23
235,44,23
235,45,23
235,46,23
236,47,23
224,60,23
223,60,23
224,61,23
226,60,23
227,60,23
223,61,23
224,62,23
225,61,23
226,61,23
227,61,23
228,60,23
229,59,23
229,60,23
230,59,23
230,60,23
231,59,23
232,58,23
233,57,23
234,54,23
235,51,23
236,48,23
225,62,23
226,62,23
227,62,23
228,61,23
229,61,23
230,61,23
231,60,23
232,59,23
233,58,23
234,55,23
235,52,23
236,49,23
232,42,23
233,42,23
234,42,23
235,43,23
236,44,23
236,45,23
236,46,23
237,46,23
234,56,23
235,53,23
236,50,23
237,47,23
234,57,23
235,54,23
236,51,23
237,48,23
228,62,23
231,61,23
232,60,23
233,59,23
234,58,23
235,55,23
236,52,23
237,49,23
235,56,23
236,53,23
237,50,23
237,44,23
237,45,23
238,47,23
235,57,23
236,54,23
237,51,23
238,48,23
236,55,23
237,52,23
238,49,23
238,44,23
238,45,23
238,46,23
237,53,23
238,50,23
239,47,23
237,54,23
238,51,23
239,48,23
236,56,23
237,55,23
239,49,23
226,63,23
227,63,23
228,63,23
229,62,23
230,62,23
231,62,23
232,61,23
233,60,23
234,59,23
235,58,23
233,61,23
234,60,23
235,59,23
236,57,23
236,58,23
234,61,23
235,60,23
236,59,23
237,56,23
239,50,23
237,57,23
238,54,23
239,51,23
237,58,23
238,55,23
239,46,23
240,49,23
227,64,23
228,64,23
229,63,23
230,63,23
231,63,23
232,62,23
233,62,23
234,62,23
235,61,23
236,60,23
237,59,23
238,56,23
240,50,23
239,44,23
239,45,23
240,47,23
240,48,23
240,44,23
240,45,23
240,46,23
241,47,23
229,64,23
230,64,23
228,65,23
229,65,23
230,65,23
231,64,23
232,63,23
232,64,23
233,63,23
233,64,23
234,63,23
235,62,23
236,61,23
237,60,23
238,57,23
240,51,23
241,48,23
229,66,23
230,66,23
231,65,23
232,65,23
233,65,23
234,64,23
235,63,23
236,62,23
237,61,23
238,58,23
239,55,23
240,52,23
241,49,23
241,45,23
241,46,23
242,46,23
238,59,23
239,56,23
240,53,23
241,50,23
242,47,23
238,60,23
239,57,23
240,54,23
241,51,23
242,48,23
231,66,23
234,65,23
235,64,23
236,63,23
237,62,23
238,61,23
239,58,23
240,55,23
241,52,23
242,49,23
239,59,23
240,56,23
241,53,23
242,50,23
243,47,23
239,60,23
240,57,23
241,54,23
242,51,23
243,48,23
240,58,23
241,55,23
242,52,23
243,49,23
241,56,23
242,53,23
243,50,23
241,57,23
242,54,23
243,51,23
240,59,23
241,58,23
242,55,23
243,52,23
231,67,23
232,66,23
233,66,23
234,66,23
235,65,23
236,64,23
237,63,23
238,62,23
239,61,23
236,65,23
237,64,23
238,63,23
239,62,23
240,60,23
240,61,23
237,65,23
238,64,23
239,63,23
240,62,23
241,59,23
242,56,23
243,53,23
241,60,23
242,57,23
243,54,23
244,51,23
241,61,23
242,58,23
243,55,23
244,52,23
232,67,23
233,67,23
234,67,23
235,66,23
236,66,23
237,66,23
238,65,23
239,64,23
240,63,23
241,62,23
242,59,23
243,56,23
244,53,23
235,67,23
235,68,23
236,67,23
236,68,23
237,67,23
238,66,23
239,65,23
240,64,23
241,63,23
242,60,23
243,57,23
244,54,23
237,68,23
238,67,23
239,66,23
240,65,23
241,64,23
242,61,23
243,58,23
242,62,23
243,59,23
242,63,23
243,60,23
238,68,23
239,67,23
240,66,23
241,65,23
242,64,23
243,61,23
243,62,23
243,63,23
244,60,23
244,61,23
244,62,23
239,68,23
240,67,23
241,66,23
242,65,23
243,64,23
240,68,23
241,67,23
242,66,23
243,65,23
244,63,23
244,64,23
242,67,23
243,66,23
244,65,23
250,84,24
250,85,24
251,83,24
251,84,24
251,85,24
252,83,24
252,84,24
252,85,24
253,84,24
253,85,24
253,86,24
254,84,24
254,85,24
254,86,24
254,87,24
255,83,24
255,84,24
255,85,24
255,86,24
256,83,24
255,87,24
256,84,24
256,85,24
256,86,24
257,83,24
256,87,24
257,84,24
257,85,24
257,86,24
257,87,24
258,84,24
258,85,24
258,86,24
258,81,24
258,82,24
258,83,24
259,84,24
259,85,24
259,80,24
259,81,24
259,82,24
259,83,24
260,83,24
260,84,24
260,85,24
260,80,24
260,81,24
260,82,24
261,83,24
261,84,24
261,85,24
260,79,24
261,80,24
261,81,24
261,82,24
262,83,24
262,84,24
262,85,24
262,81,24
262,82,24
263,84,24
263,85,24
261,78,24
261,79,24
262,78,24
262,79,24
262,80,24
263,81,24
263,82,24
263,83,24
264,84,24
262,77,24
263,79,24
263,80,24
273,83,25
273,84,25
273,85,25
274,83,25
274,84,25
274,85,25
274,86,25
275,83,25
275,84,25
275,85,25
276,83,25
276,84,25
276,85,25
277,84,25
278,84,25
279,84,25
279,85,25
280,84,25
280,85,25
281,84,25
281,85,25
282,84,25
282,85,25
283,84,25
283,85,25
284,84,25
284,85,25
285,83,25
285,84,25
285,85,25
286,83,25
286,84,25
286,85,25
286,86,25
287,84,25
287,85,25
287,83,25
287,86,25
288,84,25
288,85,25
288,83,25
288,86,25
288,87,25
289,84,25
289,85,25
289,83,25
289,86,25
289,87,25
290,84,25
290,85,25
290,86,25
290,87,25
291,84,25
291,85,25
291,86,25
291,87,25
291,88,25
292,85,25
292,86,25
292,87,25
292,88,25
293,85,25
293,86,25
293,87,25
293,88,25
294,85,25
294,86,25
294,87,25
294,88,25
295,85,25
295,86,25
295,87,25
295,88,25
296,85,25
296,86,25
296,87,25
297,85,25
297,86,25
297,87,25
297,84,25
298,85,25
298,86,25
298,83,25
298,84,25
299,85,25
299,86,25
299,82,25
299,83,25
299,84,25
300,85,25
300,86,25
300,82,25
300,83,25
300,84,25
301,85,25
301,82,25
301,83,25
301,84,25
302,85,25
302,84,25
302,83,25
303,84,25
305,83,25
305,84,25
306,85,25
306,82,25
306,83,25
306,84,25
307,83,25
309,32,26
309,33,26
309,34,26
309,35,26
310,31,26
310,32,26
310,33,26
310,34,26
310,35,26
310,36,26
311,30,26
311,31,26
311,32,26
311,33,26
311,34,26
311,35,26
311,36,26
312,30,26
312,31,26
312,32,26
312,33,26
312,34,26
312,35,26
312,36,26
313,31,26
313,32,26
313,33,26
313,34,26
313,35,26
314,32,26
310,37,26
311,37,26
312,37,26
313,36,26
314,33,26
310,38,26
311,38,26
312,38,26
313,37,26
314,34,26
313,38,26
314,35,26
314,31,26
315,32,26
314,36,26
315,33,26
314,37,26
315,34,26
314,38,26
315,35,26
315,36,26
316,32,26
316,33,26
315,37,26
316,34,26
316,35,26
316,36,26
317,33,26
316,37,26
317,34,26
317,36,26
318,33,26
317,37,26
318,34,26
318,35,26
318,36,26
318,37,26
318,83,27
318,84,27
319,83,27
319,84,27
319,85,27
320,83,27
320,84,27
320,85,27
320,86,27
321,83,27
321,84,27
321,85,27
321,86,27
322,83,27
322,84,27
322,85,27
322,86,27
323,83,27
323,84,27
323,85,27
323,86,27
324,83,27
324,84,27
324,85,27
325,83,27
325,84,27
325,85,27
326,83,27
326,84,27
326,85,27
326,82,27
327,83,27
327,84,27
327,85,27
327,82,27
328,83,27
328,84,27
328,85,27
328,82,27
329,83,27
329,84,27
329,85,27
329,82,27
330,83,27
330,84,27
330,85,27
330,82,27
331,83,27
331,84,27
331,85,27
331,82,27
332,83,27
332,84,27
333,83,27
333,84,27
334,84,27
335,84,27
336,84,27
337,84,27
338,84,27
